# Redshift (z), Merger Rate [Gpc^-3 yr^-1]
1.000000e-02,6.881801e+05
1.038934e-02,6.883918e+05
1.079385e-02,6.886119e+05
1.121410e-02,6.888409e+05
1.165071e-02,6.890786e+05
1.210432e-02,6.893256e+05
1.257560e-02,6.895826e+05
1.306522e-02,6.898493e+05
1.357390e-02,6.901264e+05
1.410239e-02,6.904145e+05
1.465146e-02,6.907139e+05
1.522190e-02,6.910246e+05
1.581456e-02,6.913483e+05
1.643029e-02,6.916837e+05
1.706999e-02,6.920330e+05
1.773460e-02,6.923953e+05
1.842508e-02,6.927722e+05
1.914245e-02,6.931638e+05
1.988775e-02,6.935710e+05
2.066206e-02,6.939940e+05
2.146653e-02,6.944339e+05
2.230231e-02,6.948905e+05
2.317064e-02,6.953651e+05
2.407277e-02,6.958586e+05
2.501003e-02,6.963710e+05
2.598378e-02,6.969044e+05
2.699544e-02,6.974578e+05
2.804649e-02,6.980335e+05
2.913846e-02,6.986314e+05
3.027294e-02,6.992537e+05
3.145160e-02,6.998998e+05
3.267614e-02,7.005715e+05
3.394837e-02,7.012697e+05
3.527012e-02,7.019950e+05
3.664334e-02,7.027498e+05
3.807003e-02,7.035334e+05
3.955226e-02,7.043486e+05
4.109220e-02,7.051955e+05
4.269209e-02,7.060761e+05
4.435428e-02,7.069918e+05
4.608118e-02,7.079432e+05
4.787532e-02,7.089323e+05
4.973931e-02,7.099608e+05
5.167588e-02,7.110313e+05
5.368785e-02,7.121550e+05
5.577815e-02,7.133341e+05
5.794983e-02,7.145731e+05
6.020607e-02,7.158712e+05
6.255015e-02,7.172323e+05
6.498549e-02,7.186583e+05
6.751566e-02,7.201506e+05
7.014434e-02,7.217137e+05
7.287536e-02,7.233481e+05
7.571271e-02,7.250568e+05
7.866053e-02,7.268442e+05
8.172313e-02,7.287113e+05
8.490496e-02,7.306623e+05
8.821068e-02,7.326997e+05
9.164510e-02,7.348268e+05
9.521324e-02,7.370482e+05
9.892030e-02,7.393665e+05
1.027717e-01,7.417850e+05
1.067730e-01,7.443087e+05
1.109302e-01,7.469415e+05
1.152492e-01,7.496875e+05
1.197363e-01,7.525509e+05
1.243982e-01,7.555367e+05
1.292415e-01,7.586508e+05
1.342735e-01,7.618970e+05
1.395013e-01,7.652807e+05
1.449327e-01,7.688086e+05
1.505755e-01,7.724855e+05
1.564381e-01,7.763187e+05
1.625289e-01,7.803137e+05
1.688569e-01,7.844777e+05
1.754312e-01,7.888179e+05
1.822615e-01,7.933417e+05
1.893577e-01,7.980567e+05
1.967302e-01,8.029708e+05
2.043898e-01,8.080925e+05
2.123475e-01,8.134318e+05
2.206151e-01,8.189972e+05
2.292046e-01,8.247981e+05
2.381286e-01,8.308456e+05
2.473999e-01,8.371502e+05
2.570323e-01,8.437231e+05
2.670397e-01,8.505764e+05
2.774367e-01,8.577225e+05
2.882385e-01,8.651738e+05
2.994608e-01,8.729442e+05
3.111201e-01,8.810480e+05
3.232334e-01,8.895010e+05
3.358183e-01,8.983175e+05
3.488931e-01,9.075152e+05
3.624770e-01,9.171108e+05
3.765898e-01,9.271219e+05
3.912521e-01,9.375691e+05
4.064852e-01,9.484704e+05
4.223115e-01,9.600551e+05
4.387539e-01,9.721787e+05
4.558364e-01,9.848401e+05
4.735841e-01,9.980652e+05
4.920228e-01,1.011881e+06
5.111794e-01,1.026313e+06
5.310818e-01,1.041393e+06
5.517591e-01,1.057150e+06
5.732414e-01,1.073616e+06
5.955602e-01,1.090825e+06
6.187479e-01,1.108811e+06
6.428385e-01,1.127612e+06
6.678669e-01,1.147264e+06
6.938699e-01,1.167809e+06
7.208852e-01,1.189286e+06
7.489524e-01,1.211741e+06
7.781124e-01,1.235218e+06
8.084076e-01,1.259763e+06
8.398824e-01,1.285570e+06
8.725827e-01,1.312608e+06
9.065561e-01,1.340884e+06
9.418522e-01,1.370454e+06
9.785226e-01,1.401372e+06
1.016621e+00,1.433700e+06
1.056202e+00,1.467498e+06
1.097325e+00,1.502828e+06
1.140048e+00,1.539755e+06
1.184435e+00,1.578342e+06
1.230550e+00,1.618676e+06
1.278461e+00,1.660915e+06
1.328237e+00,1.705031e+06
1.379951e+00,1.751097e+06
1.433678e+00,1.799180e+06
1.489498e+00,1.849356e+06
1.547490e+00,1.901694e+06
1.607741e+00,1.956262e+06
1.670337e+00,2.013163e+06
1.735370e+00,2.072449e+06
1.802936e+00,2.134189e+06
1.873132e+00,2.198453e+06
1.946061e+00,2.265300e+06
2.021830e+00,2.334819e+06
2.100548e+00,2.406985e+06
2.182332e+00,2.481914e+06
2.267299e+00,2.559711e+06
2.355575e+00,2.640424e+06
2.447288e+00,2.724154e+06
2.542571e+00,2.810694e+06
2.641564e+00,2.900352e+06
2.744412e+00,2.993273e+06
2.851264e+00,3.089508e+06
2.962276e+00,3.188746e+06
3.077610e+00,3.291511e+06
3.197434e+00,3.397946e+06
3.321924e+00,3.508003e+06
3.451261e+00,3.621680e+06
3.585634e+00,3.739656e+06
3.725238e+00,3.861898e+06
3.870278e+00,3.988309e+06
4.020964e+00,4.120063e+06
4.177518e+00,4.256679e+06
4.340166e+00,4.398879e+06
4.509148e+00,4.547759e+06
4.684708e+00,4.702311e+06
4.867104e+00,4.865002e+06
5.056602e+00,5.034662e+06
5.253477e+00,5.213433e+06
5.458017e+00,5.400947e+06
5.670522e+00,5.598989e+06
5.891300e+00,5.806792e+06
6.120673e+00,6.027384e+06
6.358977e+00,6.258085e+06
6.606560e+00,6.502979e+06
6.863782e+00,6.760591e+06
7.131018e+00,7.031326e+06
7.408660e+00,7.317429e+06
7.697111e+00,7.617020e+06
7.996792e+00,7.931090e+06
8.308142e+00,8.261004e+06
8.631614e+00,8.607155e+06
8.967680e+00,8.971946e+06
9.316830e+00,9.355368e+06
9.679575e+00,9.764127e+06
1.005644e+01,1.020451e+07
1.044798e+01,1.068392e+07
1.085477e+01,1.121576e+07
1.127739e+01,1.181020e+07
1.171647e+01,1.248034e+07
1.217264e+01,1.323343e+07
1.264657e+01,1.406535e+07
