# Redshift (z), Merger Rate [Gpc^-3 yr^-1]
1.000000e-02,9.585529e+04
1.038934e-02,9.588478e+04
1.079385e-02,9.591544e+04
1.121410e-02,9.594733e+04
1.165071e-02,9.598044e+04
1.210432e-02,9.601484e+04
1.257560e-02,9.605065e+04
1.306522e-02,9.608779e+04
1.357390e-02,9.612639e+04
1.410239e-02,9.616652e+04
1.465146e-02,9.620822e+04
1.522190e-02,9.625149e+04
1.581456e-02,9.629658e+04
1.643029e-02,9.634330e+04
1.706999e-02,9.639195e+04
1.773460e-02,9.644241e+04
1.842508e-02,9.649492e+04
1.914245e-02,9.654947e+04
1.988775e-02,9.660617e+04
2.066206e-02,9.666510e+04
2.146653e-02,9.672637e+04
2.230231e-02,9.678997e+04
2.317064e-02,9.685608e+04
2.407277e-02,9.692482e+04
2.501003e-02,9.699619e+04
2.598378e-02,9.707048e+04
2.699544e-02,9.714757e+04
2.804649e-02,9.722776e+04
2.913846e-02,9.731104e+04
3.027294e-02,9.739771e+04
3.145160e-02,9.748771e+04
3.267614e-02,9.758127e+04
3.394837e-02,9.767851e+04
3.527012e-02,9.777955e+04
3.664334e-02,9.788467e+04
3.807003e-02,9.799383e+04
3.955226e-02,9.810736e+04
4.109220e-02,9.822534e+04
4.269209e-02,9.834798e+04
4.435428e-02,9.847554e+04
4.608118e-02,9.860805e+04
4.787532e-02,9.874583e+04
4.973931e-02,9.888909e+04
5.167588e-02,9.903819e+04
5.368785e-02,9.919471e+04
5.577815e-02,9.935894e+04
5.794983e-02,9.953152e+04
6.020607e-02,9.971234e+04
6.255015e-02,9.990191e+04
6.498549e-02,1.001005e+05
6.751566e-02,1.003084e+05
7.014434e-02,1.005261e+05
7.287536e-02,1.007538e+05
7.571271e-02,1.009918e+05
7.866053e-02,1.012407e+05
8.172313e-02,1.015008e+05
8.490496e-02,1.017726e+05
8.821068e-02,1.020563e+05
9.164510e-02,1.023526e+05
9.521324e-02,1.026620e+05
9.892030e-02,1.029849e+05
1.027717e-01,1.033218e+05
1.067730e-01,1.036733e+05
1.109302e-01,1.040401e+05
1.152492e-01,1.044225e+05
1.197363e-01,1.048214e+05
1.243982e-01,1.052373e+05
1.292415e-01,1.056710e+05
1.342735e-01,1.061232e+05
1.395013e-01,1.065945e+05
1.449327e-01,1.070859e+05
1.505755e-01,1.075980e+05
1.564381e-01,1.081319e+05
1.625289e-01,1.086884e+05
1.688569e-01,1.092684e+05
1.754312e-01,1.098729e+05
1.822615e-01,1.105030e+05
1.893577e-01,1.111598e+05
1.967302e-01,1.118443e+05
2.043898e-01,1.125577e+05
2.123475e-01,1.133014e+05
2.206151e-01,1.140765e+05
2.292046e-01,1.148846e+05
2.381286e-01,1.157269e+05
2.473999e-01,1.166050e+05
2.570323e-01,1.175206e+05
2.670397e-01,1.184752e+05
2.774367e-01,1.194705e+05
2.882385e-01,1.205084e+05
2.994608e-01,1.215907e+05
3.111201e-01,1.227195e+05
3.232334e-01,1.238969e+05
3.358183e-01,1.251249e+05
3.488931e-01,1.264061e+05
3.624770e-01,1.277426e+05
3.765898e-01,1.291370e+05
3.912521e-01,1.305922e+05
4.064852e-01,1.321106e+05
4.223115e-01,1.337242e+05
4.387539e-01,1.354129e+05
4.558364e-01,1.371765e+05
4.735841e-01,1.390186e+05
4.920228e-01,1.409429e+05
5.111794e-01,1.429532e+05
5.310818e-01,1.450536e+05
5.517591e-01,1.472484e+05
5.732414e-01,1.495419e+05
5.955602e-01,1.519389e+05
6.187479e-01,1.544442e+05
6.428385e-01,1.570629e+05
6.678669e-01,1.598002e+05
6.938699e-01,1.626619e+05
7.208852e-01,1.656534e+05
7.489524e-01,1.687812e+05
7.781124e-01,1.720511e+05
8.084076e-01,1.754699e+05
8.398824e-01,1.790646e+05
8.725827e-01,1.828307e+05
9.065561e-01,1.867692e+05
9.418522e-01,1.908879e+05
9.785226e-01,1.951944e+05
1.016621e+00,1.996973e+05
1.056202e+00,2.044050e+05
1.097325e+00,2.093260e+05
1.140048e+00,2.144696e+05
1.184435e+00,2.198443e+05
1.230550e+00,2.254623e+05
1.278461e+00,2.313457e+05
1.328237e+00,2.374905e+05
1.379951e+00,2.439070e+05
1.433678e+00,2.506043e+05
1.489498e+00,2.575932e+05
1.547490e+00,2.648833e+05
1.607741e+00,2.724841e+05
1.670337e+00,2.804096e+05
1.735370e+00,2.886675e+05
1.802936e+00,2.972671e+05
1.873132e+00,3.062183e+05
1.946061e+00,3.155293e+05
2.021830e+00,3.252125e+05
2.100548e+00,3.352644e+05
2.182332e+00,3.457011e+05
2.267299e+00,3.565373e+05
2.355575e+00,3.677797e+05
2.447288e+00,3.794422e+05
2.542571e+00,3.914962e+05
2.641564e+00,4.039845e+05
2.744412e+00,4.169273e+05
2.851264e+00,4.303317e+05
2.962276e+00,4.441543e+05
3.077610e+00,4.584683e+05
3.197434e+00,4.732934e+05
3.321924e+00,4.886231e+05
3.451261e+00,5.044569e+05
3.585634e+00,5.208896e+05
3.725238e+00,5.379164e+05
3.870278e+00,5.555239e+05
4.020964e+00,5.738758e+05
4.177518e+00,5.929047e+05
4.340166e+00,6.127115e+05
4.509148e+00,6.334486e+05
4.684708e+00,6.549760e+05
4.867104e+00,6.776369e+05
5.056602e+00,7.012685e+05
5.253477e+00,7.261692e+05
5.458017e+00,7.522876e+05
5.670522e+00,7.798725e+05
5.891300e+00,8.088170e+05
6.120673e+00,8.395428e+05
6.358977e+00,8.716767e+05
6.606560e+00,9.057875e+05
6.863782e+00,9.416697e+05
7.131018e+00,9.793800e+05
7.408660e+00,1.019231e+06
7.697111e+00,1.060960e+06
7.996792e+00,1.104706e+06
8.308142e+00,1.150660e+06
8.631614e+00,1.198874e+06
8.967680e+00,1.249685e+06
9.316830e+00,1.303091e+06
9.679575e+00,1.360027e+06
1.005644e+01,1.421367e+06
1.044798e+01,1.488143e+06
1.085477e+01,1.562222e+06
1.127739e+01,1.645020e+06
1.171647e+01,1.738362e+06
1.217264e+01,1.843259e+06
1.264657e+01,1.959136e+06
