# Redshift (z), Merger Rate [Gpc^-3 yr^-1]
1.000000e-02,3.657759e+05
1.038934e-02,3.658884e+05
1.079385e-02,3.660054e+05
1.121410e-02,3.661271e+05
1.165071e-02,3.662535e+05
1.210432e-02,3.663847e+05
1.257560e-02,3.665213e+05
1.306522e-02,3.666631e+05
1.357390e-02,3.668104e+05
1.410239e-02,3.669635e+05
1.465146e-02,3.671226e+05
1.522190e-02,3.672878e+05
1.581456e-02,3.674598e+05
1.643029e-02,3.676381e+05
1.706999e-02,3.678237e+05
1.773460e-02,3.680163e+05
1.842508e-02,3.682166e+05
1.914245e-02,3.684248e+05
1.988775e-02,3.686412e+05
2.066206e-02,3.688661e+05
2.146653e-02,3.690998e+05
2.230231e-02,3.693425e+05
2.317064e-02,3.695948e+05
2.407277e-02,3.698571e+05
2.501003e-02,3.701295e+05
2.598378e-02,3.704129e+05
2.699544e-02,3.707071e+05
2.804649e-02,3.710131e+05
2.913846e-02,3.713309e+05
3.027294e-02,3.716616e+05
3.145160e-02,3.720051e+05
3.267614e-02,3.723621e+05
3.394837e-02,3.727331e+05
3.527012e-02,3.731187e+05
3.664334e-02,3.735198e+05
3.807003e-02,3.739364e+05
3.955226e-02,3.743696e+05
4.109220e-02,3.748198e+05
4.269209e-02,3.752878e+05
4.435428e-02,3.757745e+05
4.608118e-02,3.762802e+05
4.787532e-02,3.768059e+05
4.973931e-02,3.773526e+05
5.167588e-02,3.779216e+05
5.368785e-02,3.785188e+05
5.577815e-02,3.791455e+05
5.794983e-02,3.798041e+05
6.020607e-02,3.804941e+05
6.255015e-02,3.812175e+05
6.498549e-02,3.819754e+05
6.751566e-02,3.827686e+05
7.014434e-02,3.835994e+05
7.287536e-02,3.844681e+05
7.571271e-02,3.853763e+05
7.866053e-02,3.863263e+05
8.172313e-02,3.873187e+05
8.490496e-02,3.883557e+05
8.821068e-02,3.894386e+05
9.164510e-02,3.905692e+05
9.521324e-02,3.917499e+05
9.892030e-02,3.929821e+05
1.027717e-01,3.942675e+05
1.067730e-01,3.956089e+05
1.109302e-01,3.970083e+05
1.152492e-01,3.984678e+05
1.197363e-01,3.999897e+05
1.243982e-01,4.015767e+05
1.292415e-01,4.032319e+05
1.342735e-01,4.049573e+05
1.395013e-01,4.067558e+05
1.449327e-01,4.086309e+05
1.505755e-01,4.105852e+05
1.564381e-01,4.126226e+05
1.625289e-01,4.147460e+05
1.688569e-01,4.169592e+05
1.754312e-01,4.192661e+05
1.822615e-01,4.216705e+05
1.893577e-01,4.241766e+05
1.967302e-01,4.267885e+05
2.043898e-01,4.295108e+05
2.123475e-01,4.323487e+05
2.206151e-01,4.353067e+05
2.292046e-01,4.383900e+05
2.381286e-01,4.416043e+05
2.473999e-01,4.449552e+05
2.570323e-01,4.484488e+05
2.670397e-01,4.520915e+05
2.774367e-01,4.558897e+05
2.882385e-01,4.598502e+05
2.994608e-01,4.639802e+05
3.111201e-01,4.682875e+05
3.232334e-01,4.727803e+05
3.358183e-01,4.774664e+05
3.488931e-01,4.823551e+05
3.624770e-01,4.874553e+05
3.765898e-01,4.927763e+05
3.912521e-01,4.983291e+05
4.064852e-01,5.041233e+05
4.223115e-01,5.102807e+05
4.387539e-01,5.167245e+05
4.558364e-01,5.234542e+05
4.735841e-01,5.304835e+05
4.920228e-01,5.378265e+05
5.111794e-01,5.454976e+05
5.310818e-01,5.535126e+05
5.517591e-01,5.618877e+05
5.732414e-01,5.706397e+05
5.955602e-01,5.797863e+05
6.187479e-01,5.893462e+05
6.428385e-01,5.993390e+05
6.678669e-01,6.097845e+05
6.938699e-01,6.207043e+05
7.208852e-01,6.321199e+05
7.489524e-01,6.440550e+05
7.781124e-01,6.565330e+05
8.084076e-01,6.695788e+05
8.398824e-01,6.832959e+05
8.725827e-01,6.976669e+05
9.065561e-01,7.126959e+05
9.418522e-01,7.284123e+05
9.785226e-01,7.448456e+05
1.016621e+00,7.620284e+05
1.056202e+00,7.799926e+05
1.097325e+00,7.987708e+05
1.140048e+00,8.183982e+05
1.184435e+00,8.389077e+05
1.230550e+00,8.603455e+05
1.278461e+00,8.827961e+05
1.328237e+00,9.062442e+05
1.379951e+00,9.307290e+05
1.433678e+00,9.562854e+05
1.489498e+00,9.829545e+05
1.547490e+00,1.010773e+06
1.607741e+00,1.039777e+06
1.670337e+00,1.070020e+06
1.735370e+00,1.101531e+06
1.802936e+00,1.134347e+06
1.873132e+00,1.168504e+06
1.946061e+00,1.204034e+06
2.021830e+00,1.240984e+06
2.100548e+00,1.279341e+06
2.182332e+00,1.319167e+06
2.267299e+00,1.360517e+06
2.355575e+00,1.403417e+06
2.447288e+00,1.447920e+06
2.542571e+00,1.493917e+06
2.641564e+00,1.541572e+06
2.744412e+00,1.590960e+06
2.851264e+00,1.642110e+06
2.962276e+00,1.694856e+06
3.077610e+00,1.749477e+06
3.197434e+00,1.806049e+06
3.321924e+00,1.864545e+06
3.451261e+00,1.924966e+06
3.585634e+00,1.987672e+06
3.725238e+00,2.052644e+06
3.870278e+00,2.119833e+06
4.020964e+00,2.189863e+06
4.177518e+00,2.262475e+06
4.340166e+00,2.338056e+06
4.509148e+00,2.417188e+06
4.684708e+00,2.499334e+06
4.867104e+00,2.585807e+06
5.056602e+00,2.675983e+06
5.253477e+00,2.771002e+06
5.458017e+00,2.870667e+06
5.670522e+00,2.975929e+06
5.891300e+00,3.086379e+06
6.120673e+00,3.203626e+06
6.358977e+00,3.326246e+06
6.606560e+00,3.456411e+06
6.863782e+00,3.593334e+06
7.131018e+00,3.737233e+06
7.408660e+00,3.889300e+06
7.697111e+00,4.048536e+06
7.996792e+00,4.215468e+06
8.308142e+00,4.390822e+06
8.631614e+00,4.574805e+06
8.967680e+00,4.768696e+06
9.316830e+00,4.972489e+06
9.679575e+00,5.189749e+06
1.005644e+01,5.423820e+06
1.044798e+01,5.678633e+06
1.085477e+01,5.961312e+06
1.127739e+01,6.277260e+06
1.171647e+01,6.633447e+06
1.217264e+01,7.033723e+06
1.264657e+01,7.475902e+06
