# Redshift (z), Merger Rate [Gpc^-3 yr^-1]
1.000000e-02,1.641274e+05
1.038934e-02,1.641779e+05
1.079385e-02,1.642304e+05
1.121410e-02,1.642850e+05
1.165071e-02,1.643417e+05
1.210432e-02,1.644006e+05
1.257560e-02,1.644619e+05
1.306522e-02,1.645255e+05
1.357390e-02,1.645916e+05
1.410239e-02,1.646603e+05
1.465146e-02,1.647317e+05
1.522190e-02,1.648058e+05
1.581456e-02,1.648830e+05
1.643029e-02,1.649630e+05
1.706999e-02,1.650463e+05
1.773460e-02,1.651327e+05
1.842508e-02,1.652226e+05
1.914245e-02,1.653160e+05
1.988775e-02,1.654131e+05
2.066206e-02,1.655140e+05
2.146653e-02,1.656189e+05
2.230231e-02,1.657278e+05
2.317064e-02,1.658410e+05
2.407277e-02,1.659587e+05
2.501003e-02,1.660809e+05
2.598378e-02,1.662081e+05
2.699544e-02,1.663401e+05
2.804649e-02,1.664774e+05
2.913846e-02,1.666200e+05
3.027294e-02,1.667684e+05
3.145160e-02,1.669225e+05
3.267614e-02,1.670827e+05
3.394837e-02,1.672492e+05
3.527012e-02,1.674222e+05
3.664334e-02,1.676022e+05
3.807003e-02,1.677891e+05
3.955226e-02,1.679835e+05
4.109220e-02,1.681855e+05
4.269209e-02,1.683955e+05
4.435428e-02,1.686139e+05
4.608118e-02,1.688408e+05
4.787532e-02,1.690767e+05
4.973931e-02,1.693220e+05
5.167588e-02,1.695773e+05
5.368785e-02,1.698453e+05
5.577815e-02,1.701265e+05
5.794983e-02,1.704220e+05
6.020607e-02,1.707316e+05
6.255015e-02,1.710562e+05
6.498549e-02,1.713963e+05
6.751566e-02,1.717522e+05
7.014434e-02,1.721250e+05
7.287536e-02,1.725148e+05
7.571271e-02,1.729223e+05
7.866053e-02,1.733486e+05
8.172313e-02,1.737939e+05
8.490496e-02,1.742592e+05
8.821068e-02,1.747451e+05
9.164510e-02,1.752524e+05
9.521324e-02,1.757822e+05
9.892030e-02,1.763351e+05
1.027717e-01,1.769119e+05
1.067730e-01,1.775138e+05
1.109302e-01,1.781417e+05
1.152492e-01,1.787966e+05
1.197363e-01,1.794795e+05
1.243982e-01,1.801916e+05
1.292415e-01,1.809343e+05
1.342735e-01,1.817085e+05
1.395013e-01,1.825155e+05
1.449327e-01,1.833569e+05
1.505755e-01,1.842338e+05
1.564381e-01,1.851480e+05
1.625289e-01,1.861008e+05
1.688569e-01,1.870939e+05
1.754312e-01,1.881290e+05
1.822615e-01,1.892079e+05
1.893577e-01,1.903324e+05
1.967302e-01,1.915044e+05
2.043898e-01,1.927259e+05
2.123475e-01,1.939993e+05
2.206151e-01,1.953266e+05
2.292046e-01,1.967101e+05
2.381286e-01,1.981524e+05
2.473999e-01,1.996560e+05
2.570323e-01,2.012236e+05
2.670397e-01,2.028581e+05
2.774367e-01,2.045624e+05
2.882385e-01,2.063395e+05
2.994608e-01,2.081927e+05
3.111201e-01,2.101254e+05
3.232334e-01,2.121414e+05
3.358183e-01,2.142441e+05
3.488931e-01,2.164377e+05
3.624770e-01,2.187262e+05
3.765898e-01,2.211138e+05
3.912521e-01,2.236054e+05
4.064852e-01,2.262053e+05
4.223115e-01,2.289682e+05
4.387539e-01,2.318596e+05
4.558364e-01,2.348793e+05
4.735841e-01,2.380334e+05
4.920228e-01,2.413283e+05
5.111794e-01,2.447704e+05
5.310818e-01,2.483668e+05
5.517591e-01,2.521248e+05
5.732414e-01,2.560519e+05
5.955602e-01,2.601561e+05
6.187479e-01,2.644457e+05
6.428385e-01,2.689296e+05
6.678669e-01,2.736166e+05
6.938699e-01,2.785164e+05
7.208852e-01,2.836387e+05
7.489524e-01,2.889941e+05
7.781124e-01,2.945931e+05
8.084076e-01,3.004469e+05
8.398824e-01,3.066019e+05
8.725827e-01,3.130503e+05
9.065561e-01,3.197940e+05
9.418522e-01,3.268461e+05
9.785226e-01,3.342199e+05
1.016621e+00,3.419300e+05
1.056202e+00,3.499907e+05
1.097325e+00,3.584167e+05
1.140048e+00,3.672237e+05
1.184435e+00,3.764265e+05
1.230550e+00,3.860459e+05
1.278461e+00,3.961197e+05
1.328237e+00,4.066411e+05
1.379951e+00,4.176277e+05
1.433678e+00,4.290951e+05
1.489498e+00,4.410618e+05
1.547490e+00,4.535442e+05
1.607741e+00,4.665585e+05
1.670337e+00,4.801289e+05
1.735370e+00,4.942685e+05
1.802936e+00,5.089930e+05
1.873132e+00,5.243196e+05
1.946061e+00,5.402623e+05
2.021830e+00,5.568424e+05
2.100548e+00,5.740536e+05
2.182332e+00,5.919237e+05
2.267299e+00,6.104780e+05
2.355575e+00,6.297276e+05
2.447288e+00,6.496967e+05
2.542571e+00,6.703360e+05
2.641564e+00,6.917191e+05
2.744412e+00,7.138803e+05
2.851264e+00,7.368318e+05
2.962276e+00,7.604995e+05
3.077610e+00,7.850084e+05
3.197434e+00,8.103926e+05
3.321924e+00,8.366407e+05
3.451261e+00,8.637520e+05
3.585634e+00,8.918887e+05
3.725238e+00,9.210427e+05
3.870278e+00,9.511911e+05
4.020964e+00,9.826139e+05
4.177518e+00,1.015196e+06
4.340166e+00,1.049110e+06
4.509148e+00,1.084617e+06
4.684708e+00,1.121477e+06
4.867104e+00,1.160278e+06
5.056602e+00,1.200741e+06
5.253477e+00,1.243377e+06
5.458017e+00,1.288098e+06
5.670522e+00,1.335330e+06
5.891300e+00,1.384890e+06
6.120673e+00,1.437500e+06
6.358977e+00,1.492521e+06
6.606560e+00,1.550927e+06
6.863782e+00,1.612366e+06
7.131018e+00,1.676935e+06
7.408660e+00,1.745169e+06
7.697111e+00,1.816620e+06
7.996792e+00,1.891524e+06
8.308142e+00,1.970207e+06
8.631614e+00,2.052762e+06
8.967680e+00,2.139763e+06
9.316830e+00,2.231207e+06
9.679575e+00,2.328694e+06
1.005644e+01,2.433724e+06
1.044798e+01,2.548061e+06
1.085477e+01,2.674902e+06
1.127739e+01,2.816671e+06
1.171647e+01,2.976496e+06
1.217264e+01,3.156104e+06
1.264657e+01,3.354514e+06
