# Redshift (z), Merger Rate [Gpc^-3 yr^-1]
1.000000e-02,2.270148e+05
1.038934e-02,2.270846e+05
1.079385e-02,2.271572e+05
1.121410e-02,2.272327e+05
1.165071e-02,2.273112e+05
1.210432e-02,2.273926e+05
1.257560e-02,2.274774e+05
1.306522e-02,2.275654e+05
1.357390e-02,2.276568e+05
1.410239e-02,2.277518e+05
1.465146e-02,2.278506e+05
1.522190e-02,2.279531e+05
1.581456e-02,2.280599e+05
1.643029e-02,2.281705e+05
1.706999e-02,2.282857e+05
1.773460e-02,2.284053e+05
1.842508e-02,2.285296e+05
1.914245e-02,2.286588e+05
1.988775e-02,2.287931e+05
2.066206e-02,2.289327e+05
2.146653e-02,2.290777e+05
2.230231e-02,2.292284e+05
2.317064e-02,2.293849e+05
2.407277e-02,2.295477e+05
2.501003e-02,2.297168e+05
2.598378e-02,2.298927e+05
2.699544e-02,2.300753e+05
2.804649e-02,2.302652e+05
2.913846e-02,2.304624e+05
3.027294e-02,2.306677e+05
3.145160e-02,2.308808e+05
3.267614e-02,2.311024e+05
3.394837e-02,2.313327e+05
3.527012e-02,2.315720e+05
3.664334e-02,2.318210e+05
3.807003e-02,2.320795e+05
3.955226e-02,2.323484e+05
4.109220e-02,2.326278e+05
4.269209e-02,2.329182e+05
4.435428e-02,2.332203e+05
4.608118e-02,2.335342e+05
4.787532e-02,2.338604e+05
4.973931e-02,2.341997e+05
5.167588e-02,2.345529e+05
5.368785e-02,2.349235e+05
5.577815e-02,2.353125e+05
5.794983e-02,2.357212e+05
6.020607e-02,2.361494e+05
6.255015e-02,2.365984e+05
6.498549e-02,2.370688e+05
6.751566e-02,2.375611e+05
7.014434e-02,2.380767e+05
7.287536e-02,2.386159e+05
7.571271e-02,2.391795e+05
7.866053e-02,2.397692e+05
8.172313e-02,2.403851e+05
8.490496e-02,2.410287e+05
8.821068e-02,2.417008e+05
9.164510e-02,2.424024e+05
9.521324e-02,2.431352e+05
9.892030e-02,2.439000e+05
1.027717e-01,2.446978e+05
1.067730e-01,2.455303e+05
1.109302e-01,2.463988e+05
1.152492e-01,2.473046e+05
1.197363e-01,2.482492e+05
1.243982e-01,2.492341e+05
1.292415e-01,2.502614e+05
1.342735e-01,2.513323e+05
1.395013e-01,2.524485e+05
1.449327e-01,2.536123e+05
1.505755e-01,2.548252e+05
1.564381e-01,2.560897e+05
1.625289e-01,2.574075e+05
1.688569e-01,2.587811e+05
1.754312e-01,2.602129e+05
1.822615e-01,2.617052e+05
1.893577e-01,2.632605e+05
1.967302e-01,2.648816e+05
2.043898e-01,2.665711e+05
2.123475e-01,2.683324e+05
2.206151e-01,2.701683e+05
2.292046e-01,2.720819e+05
2.381286e-01,2.740768e+05
2.473999e-01,2.761566e+05
2.570323e-01,2.783248e+05
2.670397e-01,2.805856e+05
2.774367e-01,2.829429e+05
2.882385e-01,2.854009e+05
2.994608e-01,2.879642e+05
3.111201e-01,2.906374e+05
3.232334e-01,2.934259e+05
3.358183e-01,2.963343e+05
3.488931e-01,2.993684e+05
3.624770e-01,3.025337e+05
3.765898e-01,3.058362e+05
3.912521e-01,3.092825e+05
4.064852e-01,3.128785e+05
4.223115e-01,3.167001e+05
4.387539e-01,3.206994e+05
4.558364e-01,3.248761e+05
4.735841e-01,3.292387e+05
4.920228e-01,3.337961e+05
5.111794e-01,3.385571e+05
5.310818e-01,3.435315e+05
5.517591e-01,3.487294e+05
5.732414e-01,3.541612e+05
5.955602e-01,3.598380e+05
6.187479e-01,3.657712e+05
6.428385e-01,3.719732e+05
6.678669e-01,3.784560e+05
6.938699e-01,3.852333e+05
7.208852e-01,3.923182e+05
7.489524e-01,3.997256e+05
7.781124e-01,4.074699e+05
8.084076e-01,4.155667e+05
8.398824e-01,4.240801e+05
8.725827e-01,4.329992e+05
9.065561e-01,4.423269e+05
9.418522e-01,4.520811e+05
9.785226e-01,4.622802e+05
1.016621e+00,4.729445e+05
1.056202e+00,4.840938e+05
1.097325e+00,4.957483e+05
1.140048e+00,5.079298e+05
1.184435e+00,5.206588e+05
1.230550e+00,5.339640e+05
1.278461e+00,5.478977e+05
1.328237e+00,5.624505e+05
1.379951e+00,5.776467e+05
1.433678e+00,5.935080e+05
1.489498e+00,6.100599e+05
1.547490e+00,6.273250e+05
1.607741e+00,6.453259e+05
1.670337e+00,6.640960e+05
1.735370e+00,6.836533e+05
1.802936e+00,7.040197e+05
1.873132e+00,7.252189e+05
1.946061e+00,7.472702e+05
2.021830e+00,7.702032e+05
2.100548e+00,7.940090e+05
2.182332e+00,8.187263e+05
2.267299e+00,8.443899e+05
2.355575e+00,8.710152e+05
2.447288e+00,8.986357e+05
2.542571e+00,9.271832e+05
2.641564e+00,9.567595e+05
2.744412e+00,9.874120e+05
2.851264e+00,1.019158e+06
2.962276e+00,1.051894e+06
3.077610e+00,1.085794e+06
3.197434e+00,1.120904e+06
3.321924e+00,1.157210e+06
3.451261e+00,1.194709e+06
3.585634e+00,1.233626e+06
3.725238e+00,1.273951e+06
3.870278e+00,1.315651e+06
4.020964e+00,1.359114e+06
4.177518e+00,1.404180e+06
4.340166e+00,1.451089e+06
4.509148e+00,1.500201e+06
4.684708e+00,1.551184e+06
4.867104e+00,1.604852e+06
5.056602e+00,1.660819e+06
5.253477e+00,1.719792e+06
5.458017e+00,1.781648e+06
5.670522e+00,1.846978e+06
5.891300e+00,1.915527e+06
6.120673e+00,1.988295e+06
6.358977e+00,2.064398e+06
6.606560e+00,2.145183e+06
6.863782e+00,2.230163e+06
7.131018e+00,2.319473e+06
7.408660e+00,2.413851e+06
7.697111e+00,2.512680e+06
7.996792e+00,2.616284e+06
8.308142e+00,2.725115e+06
8.631614e+00,2.839302e+06
8.967680e+00,2.959639e+06
9.316830e+00,3.086120e+06
9.679575e+00,3.220961e+06
1.005644e+01,3.366234e+06
1.044798e+01,3.524381e+06
1.085477e+01,3.699822e+06
1.127739e+01,3.895912e+06
1.171647e+01,4.116976e+06
1.217264e+01,4.365403e+06
1.264657e+01,4.639836e+06
