# Redshift (z), Merger Rate [Gpc^-3 yr^-1]
1.000000e-02,1.396086e+05
1.038934e-02,1.396515e+05
1.079385e-02,1.396962e+05
1.121410e-02,1.397426e+05
1.165071e-02,1.397908e+05
1.210432e-02,1.398410e+05
1.257560e-02,1.398931e+05
1.306522e-02,1.399472e+05
1.357390e-02,1.400034e+05
1.410239e-02,1.400619e+05
1.465146e-02,1.401226e+05
1.522190e-02,1.401856e+05
1.581456e-02,1.402513e+05
1.643029e-02,1.403193e+05
1.706999e-02,1.403902e+05
1.773460e-02,1.404637e+05
1.842508e-02,1.405402e+05
1.914245e-02,1.406196e+05
1.988775e-02,1.407022e+05
2.066206e-02,1.407880e+05
2.146653e-02,1.408773e+05
2.230231e-02,1.409699e+05
2.317064e-02,1.410662e+05
2.407277e-02,1.411663e+05
2.501003e-02,1.412702e+05
2.598378e-02,1.413784e+05
2.699544e-02,1.414907e+05
2.804649e-02,1.416075e+05
2.913846e-02,1.417288e+05
3.027294e-02,1.418550e+05
3.145160e-02,1.419861e+05
3.267614e-02,1.421224e+05
3.394837e-02,1.422640e+05
3.527012e-02,1.424112e+05
3.664334e-02,1.425643e+05
3.807003e-02,1.427232e+05
3.955226e-02,1.428886e+05
4.109220e-02,1.430604e+05
4.269209e-02,1.432391e+05
4.435428e-02,1.434248e+05
4.608118e-02,1.436178e+05
4.787532e-02,1.438185e+05
4.973931e-02,1.440271e+05
5.167588e-02,1.442443e+05
5.368785e-02,1.444723e+05
5.577815e-02,1.447115e+05
5.794983e-02,1.449628e+05
6.020607e-02,1.452262e+05
6.255015e-02,1.455023e+05
6.498549e-02,1.457916e+05
6.751566e-02,1.460943e+05
7.014434e-02,1.464114e+05
7.287536e-02,1.467430e+05
7.571271e-02,1.470896e+05
7.866053e-02,1.474522e+05
8.172313e-02,1.478310e+05
8.490496e-02,1.482268e+05
8.821068e-02,1.486401e+05
9.164510e-02,1.490716e+05
9.521324e-02,1.495223e+05
9.892030e-02,1.499926e+05
1.027717e-01,1.504832e+05
1.067730e-01,1.509952e+05
1.109302e-01,1.515293e+05
1.152492e-01,1.520863e+05
1.197363e-01,1.526672e+05
1.243982e-01,1.532729e+05
1.292415e-01,1.539047e+05
1.342735e-01,1.545632e+05
1.395013e-01,1.552497e+05
1.449327e-01,1.559654e+05
1.505755e-01,1.567113e+05
1.564381e-01,1.574889e+05
1.625289e-01,1.582994e+05
1.688569e-01,1.591441e+05
1.754312e-01,1.600246e+05
1.822615e-01,1.609423e+05
1.893577e-01,1.618988e+05
1.967302e-01,1.628957e+05
2.043898e-01,1.639348e+05
2.123475e-01,1.650179e+05
2.206151e-01,1.661469e+05
2.292046e-01,1.673238e+05
2.381286e-01,1.685506e+05
2.473999e-01,1.698296e+05
2.570323e-01,1.711630e+05
2.670397e-01,1.725533e+05
2.774367e-01,1.740030e+05
2.882385e-01,1.755146e+05
2.994608e-01,1.770910e+05
3.111201e-01,1.787350e+05
3.232334e-01,1.804498e+05
3.358183e-01,1.822384e+05
3.488931e-01,1.841043e+05
3.624770e-01,1.860509e+05
3.765898e-01,1.880818e+05
3.912521e-01,1.902012e+05
4.064852e-01,1.924127e+05
4.223115e-01,1.947629e+05
4.387539e-01,1.972223e+05
4.558364e-01,1.997909e+05
4.735841e-01,2.024738e+05
4.920228e-01,2.052765e+05
5.111794e-01,2.082044e+05
5.310818e-01,2.112635e+05
5.517591e-01,2.144601e+05
5.732414e-01,2.178006e+05
5.955602e-01,2.212916e+05
6.187479e-01,2.249404e+05
6.428385e-01,2.287545e+05
6.678669e-01,2.327413e+05
6.938699e-01,2.369091e+05
7.208852e-01,2.412662e+05
7.489524e-01,2.458215e+05
7.781124e-01,2.505841e+05
8.084076e-01,2.555634e+05
8.398824e-01,2.607989e+05
8.725827e-01,2.662840e+05
9.065561e-01,2.720203e+05
9.418522e-01,2.780189e+05
9.785226e-01,2.842911e+05
1.016621e+00,2.908494e+05
1.056202e+00,2.977059e+05
1.097325e+00,3.048732e+05
1.140048e+00,3.123645e+05
1.184435e+00,3.201925e+05
1.230550e+00,3.283749e+05
1.278461e+00,3.369438e+05
1.328237e+00,3.458934e+05
1.379951e+00,3.552387e+05
1.433678e+00,3.649930e+05
1.489498e+00,3.751720e+05
1.547490e+00,3.857897e+05
1.607741e+00,3.968598e+05
1.670337e+00,4.084029e+05
1.735370e+00,4.204302e+05
1.802936e+00,4.329550e+05
1.873132e+00,4.459920e+05
1.946061e+00,4.595530e+05
2.021830e+00,4.736562e+05
2.100548e+00,4.882963e+05
2.182332e+00,5.034968e+05
2.267299e+00,5.192793e+05
2.355575e+00,5.356532e+05
2.447288e+00,5.526391e+05
2.542571e+00,5.701951e+05
2.641564e+00,5.883838e+05
2.744412e+00,6.072344e+05
2.851264e+00,6.267572e+05
2.962276e+00,6.468892e+05
3.077610e+00,6.677367e+05
3.197434e+00,6.893288e+05
3.321924e+00,7.116557e+05
3.451261e+00,7.347169e+05
3.585634e+00,7.586503e+05
3.725238e+00,7.834490e+05
3.870278e+00,8.090936e+05
4.020964e+00,8.358221e+05
4.177518e+00,8.635368e+05
4.340166e+00,8.923845e+05
4.509148e+00,9.225871e+05
4.684708e+00,9.539406e+05
4.867104e+00,9.869452e+05
5.056602e+00,1.021363e+06
5.253477e+00,1.057630e+06
5.458017e+00,1.095670e+06
5.670522e+00,1.135846e+06
5.891300e+00,1.178003e+06
6.120673e+00,1.222753e+06
6.358977e+00,1.269555e+06
6.606560e+00,1.319235e+06
6.863782e+00,1.371496e+06
7.131018e+00,1.426419e+06
7.408660e+00,1.484460e+06
7.697111e+00,1.545237e+06
7.996792e+00,1.608951e+06
8.308142e+00,1.675880e+06
8.631614e+00,1.746102e+06
8.967680e+00,1.820106e+06
9.316830e+00,1.897889e+06
9.679575e+00,1.980813e+06
1.005644e+01,2.070152e+06
1.044798e+01,2.167409e+06
1.085477e+01,2.275301e+06
1.127739e+01,2.395891e+06
1.171647e+01,2.531840e+06
1.217264e+01,2.684617e+06
1.264657e+01,2.853386e+06
