# Redshift (z), Merger Rate [Gpc^-3 yr^-1]
1.000000e-02,2.100831e+05
1.038934e-02,2.101477e+05
1.079385e-02,2.102149e+05
1.121410e-02,2.102848e+05
1.165071e-02,2.103574e+05
1.210432e-02,2.104328e+05
1.257560e-02,2.105112e+05
1.306522e-02,2.105926e+05
1.357390e-02,2.106772e+05
1.410239e-02,2.107652e+05
1.465146e-02,2.108566e+05
1.522190e-02,2.109514e+05
1.581456e-02,2.110502e+05
1.643029e-02,2.111526e+05
1.706999e-02,2.112593e+05
1.773460e-02,2.113699e+05
1.842508e-02,2.114849e+05
1.914245e-02,2.116045e+05
1.988775e-02,2.117288e+05
2.066206e-02,2.118579e+05
2.146653e-02,2.119922e+05
2.230231e-02,2.121316e+05
2.317064e-02,2.122765e+05
2.407277e-02,2.124271e+05
2.501003e-02,2.125836e+05
2.598378e-02,2.127464e+05
2.699544e-02,2.129153e+05
2.804649e-02,2.130911e+05
2.913846e-02,2.132736e+05
3.027294e-02,2.134636e+05
3.145160e-02,2.136608e+05
3.267614e-02,2.138659e+05
3.394837e-02,2.140790e+05
3.527012e-02,2.143004e+05
3.664334e-02,2.145308e+05
3.807003e-02,2.147700e+05
3.955226e-02,2.150189e+05
4.109220e-02,2.152774e+05
4.269209e-02,2.155462e+05
4.435428e-02,2.158258e+05
4.608118e-02,2.161162e+05
4.787532e-02,2.164182e+05
4.973931e-02,2.167322e+05
5.167588e-02,2.170589e+05
5.368785e-02,2.174020e+05
5.577815e-02,2.177619e+05
5.794983e-02,2.181402e+05
6.020607e-02,2.185364e+05
6.255015e-02,2.189519e+05
6.498549e-02,2.193873e+05
6.751566e-02,2.198428e+05
7.014434e-02,2.203200e+05
7.287536e-02,2.208189e+05
7.571271e-02,2.213405e+05
7.866053e-02,2.218862e+05
8.172313e-02,2.224562e+05
8.490496e-02,2.230518e+05
8.821068e-02,2.236737e+05
9.164510e-02,2.243231e+05
9.521324e-02,2.250012e+05
9.892030e-02,2.257089e+05
1.027717e-01,2.264472e+05
1.067730e-01,2.272177e+05
1.109302e-01,2.280214e+05
1.152492e-01,2.288596e+05
1.197363e-01,2.297338e+05
1.243982e-01,2.306452e+05
1.292415e-01,2.315959e+05
1.342735e-01,2.325869e+05
1.395013e-01,2.336198e+05
1.449327e-01,2.346968e+05
1.505755e-01,2.358193e+05
1.564381e-01,2.369894e+05
1.625289e-01,2.382090e+05
1.688569e-01,2.394802e+05
1.754312e-01,2.408051e+05
1.822615e-01,2.421861e+05
1.893577e-01,2.436255e+05
1.967302e-01,2.451256e+05
2.043898e-01,2.466892e+05
2.123475e-01,2.483191e+05
2.206151e-01,2.500180e+05
2.292046e-01,2.517889e+05
2.381286e-01,2.536351e+05
2.473999e-01,2.555597e+05
2.570323e-01,2.575662e+05
2.670397e-01,2.596584e+05
2.774367e-01,2.618399e+05
2.882385e-01,2.641146e+05
2.994608e-01,2.664867e+05
3.111201e-01,2.689605e+05
3.232334e-01,2.715410e+05
3.358183e-01,2.742324e+05
3.488931e-01,2.770403e+05
3.624770e-01,2.799695e+05
3.765898e-01,2.830257e+05
3.912521e-01,2.862149e+05
4.064852e-01,2.895428e+05
4.223115e-01,2.930793e+05
4.387539e-01,2.967803e+05
4.558364e-01,3.006455e+05
4.735841e-01,3.046828e+05
4.920228e-01,3.089002e+05
5.111794e-01,3.133061e+05
5.310818e-01,3.179095e+05
5.517591e-01,3.227197e+05
5.732414e-01,3.277464e+05
5.955602e-01,3.329998e+05
6.187479e-01,3.384905e+05
6.428385e-01,3.442299e+05
6.678669e-01,3.502292e+05
6.938699e-01,3.565010e+05
7.208852e-01,3.630575e+05
7.489524e-01,3.699124e+05
7.781124e-01,3.770792e+05
8.084076e-01,3.845720e+05
8.398824e-01,3.924504e+05
8.725827e-01,4.007044e+05
9.065561e-01,4.093363e+05
9.418522e-01,4.183630e+05
9.785226e-01,4.278015e+05
1.016621e+00,4.376704e+05
1.056202e+00,4.479881e+05
1.097325e+00,4.587734e+05
1.140048e+00,4.700463e+05
1.184435e+00,4.818259e+05
1.230550e+00,4.941388e+05
1.278461e+00,5.070332e+05
1.328237e+00,5.205006e+05
1.379951e+00,5.345635e+05
1.433678e+00,5.492417e+05
1.489498e+00,5.645591e+05
1.547490e+00,5.805366e+05
1.607741e+00,5.971949e+05
1.670337e+00,6.145650e+05
1.735370e+00,6.326637e+05
1.802936e+00,6.515110e+05
1.873132e+00,6.711291e+05
1.946061e+00,6.915357e+05
2.021830e+00,7.127583e+05
2.100548e+00,7.347886e+05
2.182332e+00,7.576623e+05
2.267299e+00,7.814118e+05
2.355575e+00,8.060513e+05
2.447288e+00,8.316118e+05
2.542571e+00,8.580301e+05
2.641564e+00,8.854004e+05
2.744412e+00,9.137668e+05
2.851264e+00,9.431447e+05
2.962276e+00,9.734394e+05
3.077610e+00,1.004811e+06
3.197434e+00,1.037303e+06
3.321924e+00,1.070900e+06
3.451261e+00,1.105603e+06
3.585634e+00,1.141618e+06
3.725238e+00,1.178935e+06
3.870278e+00,1.217525e+06
4.020964e+00,1.257746e+06
4.177518e+00,1.299451e+06
4.340166e+00,1.342861e+06
4.509148e+00,1.388310e+06
4.684708e+00,1.435491e+06
4.867104e+00,1.485156e+06
5.056602e+00,1.536948e+06
5.253477e+00,1.591523e+06
5.458017e+00,1.648765e+06
5.670522e+00,1.709222e+06
5.891300e+00,1.772659e+06
6.120673e+00,1.840000e+06
6.358977e+00,1.910427e+06
6.606560e+00,1.985187e+06
6.863782e+00,2.063828e+06
7.131018e+00,2.146477e+06
7.408660e+00,2.233816e+06
7.697111e+00,2.325274e+06
7.996792e+00,2.421151e+06
8.308142e+00,2.521865e+06
8.631614e+00,2.627535e+06
8.967680e+00,2.738897e+06
9.316830e+00,2.855945e+06
9.679575e+00,2.980728e+06
1.005644e+01,3.115167e+06
1.044798e+01,3.261518e+06
1.085477e+01,3.423875e+06
1.127739e+01,3.605339e+06
1.171647e+01,3.809915e+06
1.217264e+01,4.039813e+06
1.264657e+01,4.293778e+06
