# Redshift (z), Merger Rate [Gpc^-3 yr^-1]
1.000000e-02,8.808705e+05
1.038934e-02,8.811415e+05
1.079385e-02,8.814233e+05
1.121410e-02,8.817163e+05
1.165071e-02,8.820206e+05
1.210432e-02,8.823367e+05
1.257560e-02,8.826657e+05
1.306522e-02,8.830071e+05
1.357390e-02,8.833618e+05
1.410239e-02,8.837306e+05
1.465146e-02,8.841138e+05
1.522190e-02,8.845115e+05
1.581456e-02,8.849258e+05
1.643029e-02,8.853551e+05
1.706999e-02,8.858022e+05
1.773460e-02,8.862659e+05
1.842508e-02,8.867484e+05
1.914245e-02,8.872497e+05
1.988775e-02,8.877708e+05
2.066206e-02,8.883124e+05
2.146653e-02,8.888754e+05
2.230231e-02,8.894598e+05
2.317064e-02,8.900674e+05
2.407277e-02,8.906991e+05
2.501003e-02,8.913549e+05
2.598378e-02,8.920376e+05
2.699544e-02,8.927460e+05
2.804649e-02,8.934829e+05
2.913846e-02,8.942483e+05
3.027294e-02,8.950447e+05
3.145160e-02,8.958718e+05
3.267614e-02,8.967316e+05
3.394837e-02,8.976252e+05
3.527012e-02,8.985537e+05
3.664334e-02,8.995197e+05
3.807003e-02,9.005228e+05
3.955226e-02,9.015661e+05
4.109220e-02,9.026503e+05
4.269209e-02,9.037773e+05
4.435428e-02,9.049495e+05
4.608118e-02,9.061673e+05
4.787532e-02,9.074333e+05
4.973931e-02,9.087499e+05
5.167588e-02,9.101201e+05
5.368785e-02,9.115584e+05
5.577815e-02,9.130676e+05
5.794983e-02,9.146536e+05
6.020607e-02,9.163152e+05
6.255015e-02,9.180573e+05
6.498549e-02,9.198826e+05
6.751566e-02,9.217927e+05
7.014434e-02,9.237935e+05
7.287536e-02,9.258856e+05
7.571271e-02,9.280726e+05
7.866053e-02,9.303606e+05
8.172313e-02,9.327505e+05
8.490496e-02,9.352478e+05
8.821068e-02,9.378556e+05
9.164510e-02,9.405783e+05
9.521324e-02,9.434217e+05
9.892030e-02,9.463891e+05
1.027717e-01,9.494848e+05
1.067730e-01,9.527152e+05
1.109302e-01,9.560851e+05
1.152492e-01,9.596000e+05
1.197363e-01,9.632651e+05
1.243982e-01,9.670869e+05
1.292415e-01,9.710730e+05
1.342735e-01,9.752281e+05
1.395013e-01,9.795593e+05
1.449327e-01,9.840751e+05
1.505755e-01,9.887814e+05
1.564381e-01,9.936879e+05
1.625289e-01,9.988016e+05
1.688569e-01,1.004132e+06
1.754312e-01,1.009687e+06
1.822615e-01,1.015477e+06
1.893577e-01,1.021513e+06
1.967302e-01,1.027803e+06
2.043898e-01,1.034358e+06
2.123475e-01,1.041193e+06
2.206151e-01,1.048316e+06
2.292046e-01,1.055742e+06
2.381286e-01,1.063482e+06
2.473999e-01,1.071552e+06
2.570323e-01,1.079966e+06
2.670397e-01,1.088738e+06
2.774367e-01,1.097885e+06
2.882385e-01,1.107423e+06
2.994608e-01,1.117369e+06
3.111201e-01,1.127741e+06
3.232334e-01,1.138561e+06
3.358183e-01,1.149846e+06
3.488931e-01,1.161619e+06
3.624770e-01,1.173902e+06
3.765898e-01,1.186716e+06
3.912521e-01,1.200088e+06
4.064852e-01,1.214042e+06
4.223115e-01,1.228871e+06
4.387539e-01,1.244389e+06
4.558364e-01,1.260595e+06
4.735841e-01,1.277523e+06
4.920228e-01,1.295207e+06
5.111794e-01,1.313681e+06
5.310818e-01,1.332983e+06
5.517591e-01,1.353152e+06
5.732414e-01,1.374229e+06
5.955602e-01,1.396256e+06
6.187479e-01,1.419278e+06
6.428385e-01,1.443343e+06
6.678669e-01,1.468498e+06
6.938699e-01,1.494795e+06
7.208852e-01,1.522287e+06
7.489524e-01,1.551029e+06
7.781124e-01,1.581079e+06
8.084076e-01,1.612496e+06
8.398824e-01,1.645530e+06
8.725827e-01,1.680139e+06
9.065561e-01,1.716332e+06
9.418522e-01,1.754180e+06
9.785226e-01,1.793756e+06
1.016621e+00,1.835136e+06
1.056202e+00,1.878397e+06
1.097325e+00,1.923620e+06
1.140048e+00,1.970887e+06
1.184435e+00,2.020278e+06
1.230550e+00,2.071905e+06
1.278461e+00,2.125971e+06
1.328237e+00,2.182440e+06
1.379951e+00,2.241405e+06
1.433678e+00,2.302950e+06
1.489498e+00,2.367175e+06
1.547490e+00,2.434168e+06
1.607741e+00,2.504016e+06
1.670337e+00,2.576848e+06
1.735370e+00,2.652735e+06
1.802936e+00,2.731761e+06
1.873132e+00,2.814019e+06
1.946061e+00,2.899584e+06
2.021830e+00,2.988569e+06
2.100548e+00,3.080941e+06
2.182332e+00,3.176850e+06
2.267299e+00,3.276431e+06
2.355575e+00,3.379743e+06
2.447288e+00,3.486917e+06
2.542571e+00,3.597688e+06
2.641564e+00,3.712451e+06
2.744412e+00,3.831390e+06
2.851264e+00,3.954571e+06
2.962276e+00,4.081595e+06
3.077610e+00,4.213134e+06
3.197434e+00,4.349371e+06
3.321924e+00,4.490244e+06
3.451261e+00,4.635750e+06
3.585634e+00,4.786760e+06
3.725238e+00,4.943229e+06
3.870278e+00,5.105035e+06
4.020964e+00,5.273681e+06
4.177518e+00,5.448549e+06
4.340166e+00,5.630565e+06
4.509148e+00,5.821131e+06
4.684708e+00,6.018958e+06
4.867104e+00,6.227203e+06
5.056602e+00,6.444368e+06
5.253477e+00,6.673195e+06
5.458017e+00,6.913212e+06
5.670522e+00,7.166706e+06
5.891300e+00,7.432694e+06
6.120673e+00,7.715051e+06
6.358977e+00,8.010349e+06
6.606560e+00,8.323813e+06
6.863782e+00,8.653556e+06
7.131018e+00,9.000097e+06
7.408660e+00,9.366309e+06
7.697111e+00,9.749786e+06
7.996792e+00,1.015179e+07
8.308142e+00,1.057409e+07
8.631614e+00,1.101716e+07
8.967680e+00,1.148409e+07
9.316830e+00,1.197487e+07
9.679575e+00,1.249808e+07
1.005644e+01,1.306178e+07
1.044798e+01,1.367542e+07
1.085477e+01,1.435618e+07
1.127739e+01,1.511705e+07
1.171647e+01,1.597483e+07
1.217264e+01,1.693879e+07
1.264657e+01,1.800365e+07
