# Redshift (z), Merger Rate [Gpc^-3 yr^-1]
1.000000e-02,2.857624e+05
1.038934e-02,2.858503e+05
1.079385e-02,2.859417e+05
1.121410e-02,2.860368e+05
1.165071e-02,2.861355e+05
1.210432e-02,2.862381e+05
1.257560e-02,2.863448e+05
1.306522e-02,2.864555e+05
1.357390e-02,2.865706e+05
1.410239e-02,2.866902e+05
1.465146e-02,2.868145e+05
1.522190e-02,2.869436e+05
1.581456e-02,2.870780e+05
1.643029e-02,2.872173e+05
1.706999e-02,2.873623e+05
1.773460e-02,2.875127e+05
1.842508e-02,2.876693e+05
1.914245e-02,2.878319e+05
1.988775e-02,2.880009e+05
2.066206e-02,2.881766e+05
2.146653e-02,2.883593e+05
2.230231e-02,2.885489e+05
2.317064e-02,2.887460e+05
2.407277e-02,2.889509e+05
2.501003e-02,2.891636e+05
2.598378e-02,2.893851e+05
2.699544e-02,2.896149e+05
2.804649e-02,2.898540e+05
2.913846e-02,2.901023e+05
3.027294e-02,2.903606e+05
3.145160e-02,2.906290e+05
3.267614e-02,2.909079e+05
3.394837e-02,2.911978e+05
3.527012e-02,2.914990e+05
3.664334e-02,2.918124e+05
3.807003e-02,2.921378e+05
3.955226e-02,2.924763e+05
4.109220e-02,2.928280e+05
4.269209e-02,2.931936e+05
4.435428e-02,2.935739e+05
4.608118e-02,2.939689e+05
4.787532e-02,2.943796e+05
4.973931e-02,2.948067e+05
5.167588e-02,2.952512e+05
5.368785e-02,2.957178e+05
5.577815e-02,2.962074e+05
5.794983e-02,2.967219e+05
6.020607e-02,2.972610e+05
6.255015e-02,2.978261e+05
6.498549e-02,2.984183e+05
6.751566e-02,2.990379e+05
7.014434e-02,2.996870e+05
7.287536e-02,3.003657e+05
7.571271e-02,3.010752e+05
7.866053e-02,3.018174e+05
8.172313e-02,3.025928e+05
8.490496e-02,3.034029e+05
8.821068e-02,3.042489e+05
9.164510e-02,3.051322e+05
9.521324e-02,3.060546e+05
9.892030e-02,3.070172e+05
1.027717e-01,3.080215e+05
1.067730e-01,3.090695e+05
1.109302e-01,3.101627e+05
1.152492e-01,3.113030e+05
1.197363e-01,3.124920e+05
1.243982e-01,3.137318e+05
1.292415e-01,3.150249e+05
1.342735e-01,3.163729e+05
1.395013e-01,3.177779e+05
1.449327e-01,3.192429e+05
1.505755e-01,3.207697e+05
1.564381e-01,3.223614e+05
1.625289e-01,3.240203e+05
1.688569e-01,3.257494e+05
1.754312e-01,3.275516e+05
1.822615e-01,3.294301e+05
1.893577e-01,3.313880e+05
1.967302e-01,3.334285e+05
2.043898e-01,3.355553e+05
2.123475e-01,3.377724e+05
2.206151e-01,3.400834e+05
2.292046e-01,3.424922e+05
2.381286e-01,3.450034e+05
2.473999e-01,3.476213e+05
2.570323e-01,3.503506e+05
2.670397e-01,3.531965e+05
2.774367e-01,3.561638e+05
2.882385e-01,3.592579e+05
2.994608e-01,3.624845e+05
3.111201e-01,3.658496e+05
3.232334e-01,3.693596e+05
3.358183e-01,3.730206e+05
3.488931e-01,3.768399e+05
3.624770e-01,3.808244e+05
3.765898e-01,3.849815e+05
3.912521e-01,3.893196e+05
4.064852e-01,3.938463e+05
4.223115e-01,3.986568e+05
4.387539e-01,4.036910e+05
4.558364e-01,4.089486e+05
4.735841e-01,4.144402e+05
4.920228e-01,4.201770e+05
5.111794e-01,4.261700e+05
5.310818e-01,4.324317e+05
5.517591e-01,4.389748e+05
5.732414e-01,4.458123e+05
5.955602e-01,4.529581e+05
6.187479e-01,4.604267e+05
6.428385e-01,4.682336e+05
6.678669e-01,4.763942e+05
6.938699e-01,4.849252e+05
7.208852e-01,4.938437e+05
7.489524e-01,5.031680e+05
7.781124e-01,5.129164e+05
8.084076e-01,5.231084e+05
8.398824e-01,5.338249e+05
8.725827e-01,5.450522e+05
9.065561e-01,5.567937e+05
9.418522e-01,5.690721e+05
9.785226e-01,5.819106e+05
1.016621e+00,5.953347e+05
1.056202e+00,6.093692e+05
1.097325e+00,6.240397e+05
1.140048e+00,6.393736e+05
1.184435e+00,6.553966e+05
1.230550e+00,6.721450e+05
1.278461e+00,6.896845e+05
1.328237e+00,7.080033e+05
1.379951e+00,7.271321e+05
1.433678e+00,7.470980e+05
1.489498e+00,7.679332e+05
1.547490e+00,7.896663e+05
1.607741e+00,8.123255e+05
1.670337e+00,8.359530e+05
1.735370e+00,8.605714e+05
1.802936e+00,8.862083e+05
1.873132e+00,9.128934e+05
1.946061e+00,9.406513e+05
2.021830e+00,9.695189e+05
2.100548e+00,9.994854e+05
2.182332e+00,1.030599e+06
2.267299e+00,1.062904e+06
2.355575e+00,1.096419e+06
2.447288e+00,1.131188e+06
2.542571e+00,1.167123e+06
2.641564e+00,1.204353e+06
2.744412e+00,1.242938e+06
2.851264e+00,1.282899e+06
2.962276e+00,1.324107e+06
3.077610e+00,1.366779e+06
3.197434e+00,1.410975e+06
3.321924e+00,1.456676e+06
3.451261e+00,1.503880e+06
3.585634e+00,1.552868e+06
3.725238e+00,1.603628e+06
3.870278e+00,1.656120e+06
4.020964e+00,1.710830e+06
4.177518e+00,1.767559e+06
4.340166e+00,1.826607e+06
4.509148e+00,1.888428e+06
4.684708e+00,1.952605e+06
4.867104e+00,2.020161e+06
5.056602e+00,2.090612e+06
5.253477e+00,2.164845e+06
5.458017e+00,2.242709e+06
5.670522e+00,2.324945e+06
5.891300e+00,2.411234e+06
6.120673e+00,2.502833e+06
6.358977e+00,2.598630e+06
6.606560e+00,2.700321e+06
6.863782e+00,2.807292e+06
7.131018e+00,2.919713e+06
7.408660e+00,3.038516e+06
7.697111e+00,3.162919e+06
7.996792e+00,3.293335e+06
8.308142e+00,3.430330e+06
8.631614e+00,3.574066e+06
8.967680e+00,3.725544e+06
9.316830e+00,3.884757e+06
9.679575e+00,4.054492e+06
1.005644e+01,4.237360e+06
1.044798e+01,4.436432e+06
1.085477e+01,4.657275e+06
1.127739e+01,4.904109e+06
1.171647e+01,5.182381e+06
1.217264e+01,5.495096e+06
1.264657e+01,5.840548e+06
