# Redshift (z), Merger Rate [Gpc^-3 yr^-1]
1.000000e-02,1.518861e+05
1.038934e-02,1.519328e+05
1.079385e-02,1.519814e+05
1.121410e-02,1.520320e+05
1.165071e-02,1.520844e+05
1.210432e-02,1.521389e+05
1.257560e-02,1.521957e+05
1.306522e-02,1.522545e+05
1.357390e-02,1.523157e+05
1.410239e-02,1.523793e+05
1.465146e-02,1.524453e+05
1.522190e-02,1.525139e+05
1.581456e-02,1.525854e+05
1.643029e-02,1.526594e+05
1.706999e-02,1.527365e+05
1.773460e-02,1.528164e+05
1.842508e-02,1.528996e+05
1.914245e-02,1.529861e+05
1.988775e-02,1.530759e+05
2.066206e-02,1.531693e+05
2.146653e-02,1.532664e+05
2.230231e-02,1.533671e+05
2.317064e-02,1.534719e+05
2.407277e-02,1.535808e+05
2.501003e-02,1.536939e+05
2.598378e-02,1.538116e+05
2.699544e-02,1.539338e+05
2.804649e-02,1.540608e+05
2.913846e-02,1.541928e+05
3.027294e-02,1.543301e+05
3.145160e-02,1.544727e+05
3.267614e-02,1.546210e+05
3.394837e-02,1.547751e+05
3.527012e-02,1.549352e+05
3.664334e-02,1.551017e+05
3.807003e-02,1.552747e+05
3.955226e-02,1.554546e+05
4.109220e-02,1.556415e+05
4.269209e-02,1.558359e+05
4.435428e-02,1.560380e+05
4.608118e-02,1.562480e+05
4.787532e-02,1.564663e+05
4.973931e-02,1.566933e+05
5.167588e-02,1.569295e+05
5.368785e-02,1.571775e+05
5.577815e-02,1.574378e+05
5.794983e-02,1.577112e+05
6.020607e-02,1.579977e+05
6.255015e-02,1.582981e+05
6.498549e-02,1.586129e+05
6.751566e-02,1.589422e+05
7.014434e-02,1.592872e+05
7.287536e-02,1.596479e+05
7.571271e-02,1.600250e+05
7.866053e-02,1.604196e+05
8.172313e-02,1.608316e+05
8.490496e-02,1.612622e+05
8.821068e-02,1.617119e+05
9.164510e-02,1.621814e+05
9.521324e-02,1.626716e+05
9.892030e-02,1.631833e+05
1.027717e-01,1.637171e+05
1.067730e-01,1.642741e+05
1.109302e-01,1.648552e+05
1.152492e-01,1.654612e+05
1.197363e-01,1.660932e+05
1.243982e-01,1.667522e+05
1.292415e-01,1.674395e+05
1.342735e-01,1.681559e+05
1.395013e-01,1.689027e+05
1.449327e-01,1.696814e+05
1.505755e-01,1.704929e+05
1.564381e-01,1.713389e+05
1.625289e-01,1.722206e+05
1.688569e-01,1.731397e+05
1.754312e-01,1.740976e+05
1.822615e-01,1.750960e+05
1.893577e-01,1.761366e+05
1.967302e-01,1.772212e+05
2.043898e-01,1.783516e+05
2.123475e-01,1.795300e+05
2.206151e-01,1.807583e+05
2.292046e-01,1.820387e+05
2.381286e-01,1.833734e+05
2.473999e-01,1.847648e+05
2.570323e-01,1.862155e+05
2.670397e-01,1.877281e+05
2.774367e-01,1.893053e+05
2.882385e-01,1.909499e+05
2.994608e-01,1.926648e+05
3.111201e-01,1.944534e+05
3.232334e-01,1.963190e+05
3.358183e-01,1.982649e+05
3.488931e-01,2.002949e+05
3.624770e-01,2.024127e+05
3.765898e-01,2.046222e+05
3.912521e-01,2.069280e+05
4.064852e-01,2.093340e+05
4.223115e-01,2.118908e+05
4.387539e-01,2.145666e+05
4.558364e-01,2.173610e+05
4.735841e-01,2.202799e+05
4.920228e-01,2.233290e+05
5.111794e-01,2.265144e+05
5.310818e-01,2.298426e+05
5.517591e-01,2.333203e+05
5.732414e-01,2.369545e+05
5.955602e-01,2.407526e+05
6.187479e-01,2.447223e+05
6.428385e-01,2.488717e+05
6.678669e-01,2.532092e+05
6.938699e-01,2.577435e+05
7.208852e-01,2.624838e+05
7.489524e-01,2.674397e+05
7.781124e-01,2.726211e+05
8.084076e-01,2.780383e+05
8.398824e-01,2.837343e+05
8.725827e-01,2.897017e+05
9.065561e-01,2.959425e+05
9.418522e-01,3.024686e+05
9.785226e-01,3.092924e+05
1.016621e+00,3.164275e+05
1.056202e+00,3.238870e+05
1.097325e+00,3.316845e+05
1.140048e+00,3.398347e+05
1.184435e+00,3.483511e+05
1.230550e+00,3.572530e+05
1.278461e+00,3.665755e+05
1.328237e+00,3.763121e+05
1.379951e+00,3.864793e+05
1.433678e+00,3.970914e+05
1.489498e+00,4.081656e+05
1.547490e+00,4.197170e+05
1.607741e+00,4.317607e+05
1.670337e+00,4.443189e+05
1.735370e+00,4.574039e+05
1.802936e+00,4.710302e+05
1.873132e+00,4.852137e+05
1.946061e+00,4.999673e+05
2.021830e+00,5.153108e+05
2.100548e+00,5.312383e+05
2.182332e+00,5.477756e+05
2.267299e+00,5.649461e+05
2.355575e+00,5.827599e+05
2.447288e+00,6.012397e+05
2.542571e+00,6.203396e+05
2.641564e+00,6.401279e+05
2.744412e+00,6.606362e+05
2.851264e+00,6.818759e+05
2.962276e+00,7.037783e+05
3.077610e+00,7.264593e+05
3.197434e+00,7.499502e+05
3.321924e+00,7.742406e+05
3.451261e+00,7.993298e+05
3.585634e+00,8.253680e+05
3.725238e+00,8.523476e+05
3.870278e+00,8.802474e+05
4.020964e+00,9.093265e+05
4.177518e+00,9.394785e+05
4.340166e+00,9.708631e+05
4.509148e+00,1.003722e+06
4.684708e+00,1.037833e+06
4.867104e+00,1.073740e+06
5.056602e+00,1.111185e+06
5.253477e+00,1.150641e+06
5.458017e+00,1.192026e+06
5.670522e+00,1.235736e+06
5.891300e+00,1.281599e+06
6.120673e+00,1.330285e+06
6.358977e+00,1.381203e+06
6.606560e+00,1.435253e+06
6.863782e+00,1.492109e+06
7.131018e+00,1.551862e+06
7.408660e+00,1.615007e+06
7.697111e+00,1.681129e+06
7.996792e+00,1.750446e+06
8.308142e+00,1.823261e+06
8.631614e+00,1.899659e+06
8.967680e+00,1.980171e+06
9.316830e+00,2.064794e+06
9.679575e+00,2.155010e+06
1.005644e+01,2.252207e+06
1.044798e+01,2.358016e+06
1.085477e+01,2.475397e+06
1.127739e+01,2.606592e+06
1.171647e+01,2.754497e+06
1.217264e+01,2.920709e+06
1.264657e+01,3.104321e+06
