# Redshift (z), Merger Rate [Gpc^-3 yr^-1]
1.000000e-02,1.899005e+05
1.038934e-02,1.899589e+05
1.079385e-02,1.900197e+05
1.121410e-02,1.900828e+05
1.165071e-02,1.901484e+05
1.210432e-02,1.902166e+05
1.257560e-02,1.902875e+05
1.306522e-02,1.903611e+05
1.357390e-02,1.904376e+05
1.410239e-02,1.905171e+05
1.465146e-02,1.905997e+05
1.522190e-02,1.906854e+05
1.581456e-02,1.907747e+05
1.643029e-02,1.908673e+05
1.706999e-02,1.909637e+05
1.773460e-02,1.910637e+05
1.842508e-02,1.911677e+05
1.914245e-02,1.912757e+05
1.988775e-02,1.913881e+05
2.066206e-02,1.915048e+05
2.146653e-02,1.916262e+05
2.230231e-02,1.917522e+05
2.317064e-02,1.918832e+05
2.407277e-02,1.920194e+05
2.501003e-02,1.921608e+05
2.598378e-02,1.923079e+05
2.699544e-02,1.924607e+05
2.804649e-02,1.926195e+05
2.913846e-02,1.927845e+05
3.027294e-02,1.929562e+05
3.145160e-02,1.931345e+05
3.267614e-02,1.933199e+05
3.394837e-02,1.935125e+05
3.527012e-02,1.937127e+05
3.664334e-02,1.939209e+05
3.807003e-02,1.941372e+05
3.955226e-02,1.943621e+05
4.109220e-02,1.945958e+05
4.269209e-02,1.948388e+05
4.435428e-02,1.950915e+05
4.608118e-02,1.953540e+05
4.787532e-02,1.956270e+05
4.973931e-02,1.959108e+05
5.167588e-02,1.962062e+05
5.368785e-02,1.965163e+05
5.577815e-02,1.968416e+05
5.794983e-02,1.971835e+05
6.020607e-02,1.975418e+05
6.255015e-02,1.979173e+05
6.498549e-02,1.983108e+05
6.751566e-02,1.987226e+05
7.014434e-02,1.991540e+05
7.287536e-02,1.996050e+05
7.571271e-02,2.000765e+05
7.866053e-02,2.005697e+05
8.172313e-02,2.010849e+05
8.490496e-02,2.016233e+05
8.821068e-02,2.021855e+05
9.164510e-02,2.027725e+05
9.521324e-02,2.033855e+05
9.892030e-02,2.040252e+05
1.027717e-01,2.046926e+05
1.067730e-01,2.053890e+05
1.109302e-01,2.061155e+05
1.152492e-01,2.068732e+05
1.197363e-01,2.076633e+05
1.243982e-01,2.084873e+05
1.292415e-01,2.093466e+05
1.342735e-01,2.102424e+05
1.395013e-01,2.111761e+05
1.449327e-01,2.121496e+05
1.505755e-01,2.131642e+05
1.564381e-01,2.142220e+05
1.625289e-01,2.153244e+05
1.688569e-01,2.164734e+05
1.754312e-01,2.176711e+05
1.822615e-01,2.189194e+05
1.893577e-01,2.202205e+05
1.967302e-01,2.215765e+05
2.043898e-01,2.229898e+05
2.123475e-01,2.244632e+05
2.206151e-01,2.259989e+05
2.292046e-01,2.275997e+05
2.381286e-01,2.292685e+05
2.473999e-01,2.310082e+05
2.570323e-01,2.328219e+05
2.670397e-01,2.347131e+05
2.774367e-01,2.366850e+05
2.882385e-01,2.387412e+05
2.994608e-01,2.408854e+05
3.111201e-01,2.431216e+05
3.232334e-01,2.454542e+05
3.358183e-01,2.478871e+05
3.488931e-01,2.504251e+05
3.624770e-01,2.530730e+05
3.765898e-01,2.558355e+05
3.912521e-01,2.587184e+05
4.064852e-01,2.617265e+05
4.223115e-01,2.649233e+05
4.387539e-01,2.682687e+05
4.558364e-01,2.717626e+05
4.735841e-01,2.754120e+05
4.920228e-01,2.792243e+05
5.111794e-01,2.832069e+05
5.310818e-01,2.873681e+05
5.517591e-01,2.917162e+05
5.732414e-01,2.962600e+05
5.955602e-01,3.010087e+05
6.187479e-01,3.059719e+05
6.428385e-01,3.111599e+05
6.678669e-01,3.165829e+05
6.938699e-01,3.222521e+05
7.208852e-01,3.281788e+05
7.489524e-01,3.343751e+05
7.781124e-01,3.408534e+05
8.084076e-01,3.476264e+05
8.398824e-01,3.547479e+05
8.725827e-01,3.622089e+05
9.065561e-01,3.700116e+05
9.418522e-01,3.781711e+05
9.785226e-01,3.867028e+05
1.016621e+00,3.956236e+05
1.056202e+00,4.049501e+05
1.097325e+00,4.146992e+05
1.140048e+00,4.248892e+05
1.184435e+00,4.355371e+05
1.230550e+00,4.466671e+05
1.278461e+00,4.583228e+05
1.328237e+00,4.704964e+05
1.379951e+00,4.832082e+05
1.433678e+00,4.964763e+05
1.489498e+00,5.103222e+05
1.547490e+00,5.247647e+05
1.607741e+00,5.398227e+05
1.670337e+00,5.555240e+05
1.735370e+00,5.718840e+05
1.802936e+00,5.889207e+05
1.873132e+00,6.066540e+05
1.946061e+00,6.251002e+05
2.021830e+00,6.442839e+05
2.100548e+00,6.641978e+05
2.182332e+00,6.848741e+05
2.267299e+00,7.063420e+05
2.355575e+00,7.286144e+05
2.447288e+00,7.517192e+05
2.542571e+00,7.755995e+05
2.641564e+00,8.003404e+05
2.744412e+00,8.259816e+05
2.851264e+00,8.525372e+05
2.962276e+00,8.799215e+05
3.077610e+00,9.082791e+05
3.197434e+00,9.376494e+05
3.321924e+00,9.680192e+05
3.451261e+00,9.993878e+05
3.585634e+00,1.031943e+06
3.725238e+00,1.065675e+06
3.870278e+00,1.100558e+06
4.020964e+00,1.136915e+06
4.177518e+00,1.174613e+06
4.340166e+00,1.213853e+06
4.509148e+00,1.254935e+06
4.684708e+00,1.297584e+06
4.867104e+00,1.342478e+06
5.056602e+00,1.389295e+06
5.253477e+00,1.438626e+06
5.458017e+00,1.490369e+06
5.670522e+00,1.545018e+06
5.891300e+00,1.602361e+06
6.120673e+00,1.663232e+06
6.358977e+00,1.726893e+06
6.606560e+00,1.794471e+06
6.863782e+00,1.865557e+06
7.131018e+00,1.940266e+06
7.408660e+00,2.019215e+06
7.697111e+00,2.101886e+06
7.996792e+00,2.188552e+06
8.308142e+00,2.279591e+06
8.631614e+00,2.375109e+06
8.967680e+00,2.475772e+06
9.316830e+00,2.581576e+06
9.679575e+00,2.694371e+06
1.005644e+01,2.815894e+06
1.044798e+01,2.948186e+06
1.085477e+01,3.094945e+06
1.127739e+01,3.258976e+06
1.171647e+01,3.443898e+06
1.217264e+01,3.651710e+06
1.264657e+01,3.881277e+06
