# Redshift (z), Merger Rate [Gpc^-3 yr^-1]
1.000000e-02,1.090692e+05
1.038934e-02,1.091027e+05
1.079385e-02,1.091376e+05
1.121410e-02,1.091739e+05
1.165071e-02,1.092116e+05
1.210432e-02,1.092507e+05
1.257560e-02,1.092915e+05
1.306522e-02,1.093337e+05
1.357390e-02,1.093777e+05
1.410239e-02,1.094233e+05
1.465146e-02,1.094708e+05
1.522190e-02,1.095200e+05
1.581456e-02,1.095713e+05
1.643029e-02,1.096245e+05
1.706999e-02,1.096798e+05
1.773460e-02,1.097373e+05
1.842508e-02,1.097970e+05
1.914245e-02,1.098591e+05
1.988775e-02,1.099236e+05
2.066206e-02,1.099906e+05
2.146653e-02,1.100604e+05
2.230231e-02,1.101327e+05
2.317064e-02,1.102079e+05
2.407277e-02,1.102862e+05
2.501003e-02,1.103674e+05
2.598378e-02,1.104519e+05
2.699544e-02,1.105396e+05
2.804649e-02,1.106309e+05
2.913846e-02,1.107256e+05
3.027294e-02,1.108242e+05
3.145160e-02,1.109266e+05
3.267614e-02,1.110331e+05
3.394837e-02,1.111438e+05
3.527012e-02,1.112587e+05
3.664334e-02,1.113783e+05
3.807003e-02,1.115025e+05
3.955226e-02,1.116317e+05
4.109220e-02,1.117660e+05
4.269209e-02,1.119055e+05
4.435428e-02,1.120506e+05
4.608118e-02,1.122014e+05
4.787532e-02,1.123582e+05
4.973931e-02,1.125212e+05
5.167588e-02,1.126909e+05
5.368785e-02,1.128690e+05
5.577815e-02,1.130558e+05
5.794983e-02,1.132522e+05
6.020607e-02,1.134579e+05
6.255015e-02,1.136737e+05
6.498549e-02,1.138997e+05
6.751566e-02,1.141362e+05
7.014434e-02,1.143839e+05
7.287536e-02,1.146430e+05
7.571271e-02,1.149138e+05
7.866053e-02,1.151970e+05
8.172313e-02,1.154930e+05
8.490496e-02,1.158022e+05
8.821068e-02,1.161251e+05
9.164510e-02,1.164622e+05
9.521324e-02,1.168143e+05
9.892030e-02,1.171817e+05
1.027717e-01,1.175650e+05
1.067730e-01,1.179650e+05
1.109302e-01,1.183823e+05
1.152492e-01,1.188175e+05
1.197363e-01,1.192713e+05
1.243982e-01,1.197445e+05
1.292415e-01,1.202380e+05
1.342735e-01,1.207525e+05
1.395013e-01,1.212888e+05
1.449327e-01,1.218480e+05
1.505755e-01,1.224307e+05
1.564381e-01,1.230382e+05
1.625289e-01,1.236714e+05
1.688569e-01,1.243313e+05
1.754312e-01,1.250192e+05
1.822615e-01,1.257362e+05
1.893577e-01,1.264835e+05
1.967302e-01,1.272623e+05
2.043898e-01,1.280740e+05
2.123475e-01,1.289203e+05
2.206151e-01,1.298023e+05
2.292046e-01,1.307217e+05
2.381286e-01,1.316802e+05
2.473999e-01,1.326794e+05
2.570323e-01,1.337211e+05
2.670397e-01,1.348073e+05
2.774367e-01,1.359399e+05
2.882385e-01,1.371208e+05
2.994608e-01,1.383523e+05
3.111201e-01,1.396367e+05
3.232334e-01,1.409764e+05
3.358183e-01,1.423737e+05
3.488931e-01,1.438315e+05
3.624770e-01,1.453523e+05
3.765898e-01,1.469389e+05
3.912521e-01,1.485947e+05
4.064852e-01,1.503224e+05
4.223115e-01,1.521585e+05
4.387539e-01,1.540799e+05
4.558364e-01,1.560866e+05
4.735841e-01,1.581827e+05
4.920228e-01,1.603723e+05
5.111794e-01,1.626597e+05
5.310818e-01,1.650496e+05
5.517591e-01,1.675470e+05
5.732414e-01,1.701567e+05
5.955602e-01,1.728841e+05
6.187479e-01,1.757347e+05
6.428385e-01,1.787144e+05
6.678669e-01,1.818291e+05
6.938699e-01,1.850852e+05
7.208852e-01,1.884892e+05
7.489524e-01,1.920481e+05
7.781124e-01,1.957688e+05
8.084076e-01,1.996589e+05
8.398824e-01,2.037492e+05
8.725827e-01,2.080344e+05
9.065561e-01,2.125158e+05
9.418522e-01,2.172022e+05
9.785226e-01,2.221024e+05
1.016621e+00,2.272261e+05
1.056202e+00,2.325828e+05
1.097325e+00,2.381822e+05
1.140048e+00,2.440348e+05
1.184435e+00,2.501504e+05
1.230550e+00,2.565429e+05
1.278461e+00,2.632373e+05
1.328237e+00,2.702292e+05
1.379951e+00,2.775302e+05
1.433678e+00,2.851508e+05
1.489498e+00,2.931031e+05
1.547490e+00,3.013982e+05
1.607741e+00,3.100467e+05
1.670337e+00,3.190648e+05
1.735370e+00,3.284611e+05
1.802936e+00,3.382461e+05
1.873132e+00,3.484312e+05
1.946061e+00,3.590258e+05
2.021830e+00,3.700439e+05
2.100548e+00,3.814815e+05
2.182332e+00,3.933569e+05
2.267299e+00,4.056869e+05
2.355575e+00,4.184791e+05
2.447288e+00,4.317493e+05
2.542571e+00,4.454650e+05
2.641564e+00,4.596749e+05
2.744412e+00,4.744019e+05
2.851264e+00,4.896541e+05
2.962276e+00,5.053822e+05
3.077610e+00,5.216693e+05
3.197434e+00,5.385381e+05
3.321924e+00,5.559810e+05
3.451261e+00,5.739976e+05
3.585634e+00,5.926955e+05
3.725238e+00,6.120695e+05
3.870278e+00,6.321043e+05
4.020964e+00,6.529861e+05
4.177518e+00,6.746382e+05
4.340166e+00,6.971754e+05
4.509148e+00,7.207712e+05
4.684708e+00,7.452661e+05
4.867104e+00,7.710509e+05
5.056602e+00,7.979402e+05
5.253477e+00,8.262735e+05
5.458017e+00,8.559924e+05
5.670522e+00,8.873799e+05
5.891300e+00,9.203145e+05
6.120673e+00,9.552760e+05
6.358977e+00,9.918396e+05
6.606560e+00,1.030653e+06
6.863782e+00,1.071481e+06
7.131018e+00,1.114390e+06
7.408660e+00,1.159734e+06
7.697111e+00,1.207216e+06
7.996792e+00,1.256993e+06
8.308142e+00,1.309281e+06
8.631614e+00,1.364142e+06
8.967680e+00,1.421958e+06
9.316830e+00,1.482726e+06
9.679575e+00,1.547510e+06
1.005644e+01,1.617306e+06
1.044798e+01,1.693288e+06
1.085477e+01,1.777579e+06
1.127739e+01,1.871790e+06
1.171647e+01,1.978000e+06
1.217264e+01,2.097357e+06
1.264657e+01,2.229208e+06
