# Redshift (z), Merger Rate [Gpc^-3 yr^-1]
1.000000e-02,1.857093e+05
1.038934e-02,1.857664e+05
1.079385e-02,1.858258e+05
1.121410e-02,1.858876e+05
1.165071e-02,1.859518e+05
1.210432e-02,1.860184e+05
1.257560e-02,1.860878e+05
1.306522e-02,1.861597e+05
1.357390e-02,1.862345e+05
1.410239e-02,1.863123e+05
1.465146e-02,1.863931e+05
1.522190e-02,1.864769e+05
1.581456e-02,1.865642e+05
1.643029e-02,1.866548e+05
1.706999e-02,1.867490e+05
1.773460e-02,1.868468e+05
1.842508e-02,1.869485e+05
1.914245e-02,1.870542e+05
1.988775e-02,1.871641e+05
2.066206e-02,1.872782e+05
2.146653e-02,1.873969e+05
2.230231e-02,1.875201e+05
2.317064e-02,1.876482e+05
2.407277e-02,1.877814e+05
2.501003e-02,1.879197e+05
2.598378e-02,1.880636e+05
2.699544e-02,1.882129e+05
2.804649e-02,1.883683e+05
2.913846e-02,1.885297e+05
3.027294e-02,1.886976e+05
3.145160e-02,1.888719e+05
3.267614e-02,1.890532e+05
3.394837e-02,1.892416e+05
3.527012e-02,1.894373e+05
3.664334e-02,1.896410e+05
3.807003e-02,1.898525e+05
3.955226e-02,1.900724e+05
4.109220e-02,1.903010e+05
4.269209e-02,1.905386e+05
4.435428e-02,1.907857e+05
4.608118e-02,1.910425e+05
4.787532e-02,1.913094e+05
4.973931e-02,1.915870e+05
5.167588e-02,1.918758e+05
5.368785e-02,1.921791e+05
5.577815e-02,1.924972e+05
5.794983e-02,1.928316e+05
6.020607e-02,1.931819e+05
6.255015e-02,1.935492e+05
6.498549e-02,1.939340e+05
6.751566e-02,1.943367e+05
7.014434e-02,1.947585e+05
7.287536e-02,1.951996e+05
7.571271e-02,1.956607e+05
7.866053e-02,1.961430e+05
8.172313e-02,1.966469e+05
8.490496e-02,1.971734e+05
8.821068e-02,1.977232e+05
9.164510e-02,1.982972e+05
9.521324e-02,1.988966e+05
9.892030e-02,1.995222e+05
1.027717e-01,2.001749e+05
1.067730e-01,2.008559e+05
1.109302e-01,2.015664e+05
1.152492e-01,2.023074e+05
1.197363e-01,2.030801e+05
1.243982e-01,2.038858e+05
1.292415e-01,2.047262e+05
1.342735e-01,2.056022e+05
1.395013e-01,2.065153e+05
1.449327e-01,2.074674e+05
1.505755e-01,2.084596e+05
1.564381e-01,2.094940e+05
1.625289e-01,2.105721e+05
1.688569e-01,2.116958e+05
1.754312e-01,2.128670e+05
1.822615e-01,2.140877e+05
1.893577e-01,2.153601e+05
1.967302e-01,2.166862e+05
2.043898e-01,2.180683e+05
2.123475e-01,2.195092e+05
2.206151e-01,2.210110e+05
2.292046e-01,2.225764e+05
2.381286e-01,2.242084e+05
2.473999e-01,2.259097e+05
2.570323e-01,2.276834e+05
2.670397e-01,2.295329e+05
2.774367e-01,2.314613e+05
2.882385e-01,2.334721e+05
2.994608e-01,2.355689e+05
3.111201e-01,2.377558e+05
3.232334e-01,2.400369e+05
3.358183e-01,2.424161e+05
3.488931e-01,2.448981e+05
3.624770e-01,2.474875e+05
3.765898e-01,2.501891e+05
3.912521e-01,2.530083e+05
4.064852e-01,2.559501e+05
4.223115e-01,2.590763e+05
4.387539e-01,2.623479e+05
4.558364e-01,2.657647e+05
4.735841e-01,2.693335e+05
4.920228e-01,2.730617e+05
5.111794e-01,2.769564e+05
5.310818e-01,2.810257e+05
5.517591e-01,2.852779e+05
5.732414e-01,2.897214e+05
5.955602e-01,2.943653e+05
6.187479e-01,2.992189e+05
6.428385e-01,3.042924e+05
6.678669e-01,3.095957e+05
6.938699e-01,3.151398e+05
7.208852e-01,3.209357e+05
7.489524e-01,3.269953e+05
7.781124e-01,3.333305e+05
8.084076e-01,3.399541e+05
8.398824e-01,3.469184e+05
8.725827e-01,3.542148e+05
9.065561e-01,3.618452e+05
9.418522e-01,3.698246e+05
9.785226e-01,3.781681e+05
1.016621e+00,3.868920e+05
1.056202e+00,3.960126e+05
1.097325e+00,4.055466e+05
1.140048e+00,4.155117e+05
1.184435e+00,4.259246e+05
1.230550e+00,4.368089e+05
1.278461e+00,4.482074e+05
1.328237e+00,4.601123e+05
1.379951e+00,4.725435e+05
1.433678e+00,4.855188e+05
1.489498e+00,4.990591e+05
1.547490e+00,5.131829e+05
1.607741e+00,5.279085e+05
1.670337e+00,5.432633e+05
1.735370e+00,5.592622e+05
1.802936e+00,5.759229e+05
1.873132e+00,5.932649e+05
1.946061e+00,6.113039e+05
2.021830e+00,6.300642e+05
2.100548e+00,6.495386e+05
2.182332e+00,6.697586e+05
2.267299e+00,6.907526e+05
2.355575e+00,7.125335e+05
2.447288e+00,7.351284e+05
2.542571e+00,7.584817e+05
2.641564e+00,7.826765e+05
2.744412e+00,8.077518e+05
2.851264e+00,8.337213e+05
2.962276e+00,8.605012e+05
3.077610e+00,8.882329e+05
3.197434e+00,9.169550e+05
3.321924e+00,9.466545e+05
3.451261e+00,9.773308e+05
3.585634e+00,1.009167e+06
3.725238e+00,1.042155e+06
3.870278e+00,1.076268e+06
4.020964e+00,1.111822e+06
4.177518e+00,1.148689e+06
4.340166e+00,1.187062e+06
4.509148e+00,1.227238e+06
4.684708e+00,1.268945e+06
4.867104e+00,1.312848e+06
5.056602e+00,1.358632e+06
5.253477e+00,1.406875e+06
5.458017e+00,1.457476e+06
5.670522e+00,1.510919e+06
5.891300e+00,1.566996e+06
6.120673e+00,1.626524e+06
6.358977e+00,1.688780e+06
6.606560e+00,1.754866e+06
6.863782e+00,1.824384e+06
7.131018e+00,1.897443e+06
7.408660e+00,1.974650e+06
7.697111e+00,2.055496e+06
7.996792e+00,2.140249e+06
8.308142e+00,2.229279e+06
8.631614e+00,2.322689e+06
8.967680e+00,2.421131e+06
9.316830e+00,2.524599e+06
9.679575e+00,2.634905e+06
1.005644e+01,2.753746e+06
1.044798e+01,2.883118e+06
1.085477e+01,3.026638e+06
1.127739e+01,3.187048e+06
1.171647e+01,3.367890e+06
1.217264e+01,3.571115e+06
1.264657e+01,3.795615e+06
