# Redshift (z), Merger Rate [Gpc^-3 yr^-1]
1.000000e-02,1.450854e+05
1.038934e-02,1.451300e+05
1.079385e-02,1.451764e+05
1.121410e-02,1.452247e+05
1.165071e-02,1.452748e+05
1.210432e-02,1.453269e+05
1.257560e-02,1.453811e+05
1.306522e-02,1.454373e+05
1.357390e-02,1.454957e+05
1.410239e-02,1.455565e+05
1.465146e-02,1.456196e+05
1.522190e-02,1.456851e+05
1.581456e-02,1.457533e+05
1.643029e-02,1.458240e+05
1.706999e-02,1.458977e+05
1.773460e-02,1.459740e+05
1.842508e-02,1.460535e+05
1.914245e-02,1.461361e+05
1.988775e-02,1.462219e+05
2.066206e-02,1.463111e+05
2.146653e-02,1.464038e+05
2.230231e-02,1.465001e+05
2.317064e-02,1.466002e+05
2.407277e-02,1.467042e+05
2.501003e-02,1.468122e+05
2.598378e-02,1.469247e+05
2.699544e-02,1.470414e+05
2.804649e-02,1.471627e+05
2.913846e-02,1.472888e+05
3.027294e-02,1.474200e+05
3.145160e-02,1.475562e+05
3.267614e-02,1.476978e+05
3.394837e-02,1.478450e+05
3.527012e-02,1.479979e+05
3.664334e-02,1.481570e+05
3.807003e-02,1.483223e+05
3.955226e-02,1.484941e+05
4.109220e-02,1.486727e+05
4.269209e-02,1.488583e+05
4.435428e-02,1.490514e+05
4.608118e-02,1.492519e+05
4.787532e-02,1.494605e+05
4.973931e-02,1.496773e+05
5.167588e-02,1.499030e+05
5.368785e-02,1.501399e+05
5.577815e-02,1.503885e+05
5.794983e-02,1.506497e+05
6.020607e-02,1.509234e+05
6.255015e-02,1.512103e+05
6.498549e-02,1.515109e+05
6.751566e-02,1.518256e+05
7.014434e-02,1.521551e+05
7.287536e-02,1.524997e+05
7.571271e-02,1.528599e+05
7.866053e-02,1.532367e+05
8.172313e-02,1.536304e+05
8.490496e-02,1.540417e+05
8.821068e-02,1.544712e+05
9.164510e-02,1.549197e+05
9.521324e-02,1.553880e+05
9.892030e-02,1.558767e+05
1.027717e-01,1.563866e+05
1.067730e-01,1.569187e+05
1.109302e-01,1.574737e+05
1.152492e-01,1.580527e+05
1.197363e-01,1.586563e+05
1.243982e-01,1.592858e+05
1.292415e-01,1.599424e+05
1.342735e-01,1.606267e+05
1.395013e-01,1.613401e+05
1.449327e-01,1.620839e+05
1.505755e-01,1.628590e+05
1.564381e-01,1.636672e+05
1.625289e-01,1.645094e+05
1.688569e-01,1.653873e+05
1.754312e-01,1.663023e+05
1.822615e-01,1.672560e+05
1.893577e-01,1.682501e+05
1.967302e-01,1.692861e+05
2.043898e-01,1.703659e+05
2.123475e-01,1.714916e+05
2.206151e-01,1.726649e+05
2.292046e-01,1.738878e+05
2.381286e-01,1.751628e+05
2.473999e-01,1.764920e+05
2.570323e-01,1.778777e+05
2.670397e-01,1.793226e+05
2.774367e-01,1.808291e+05
2.882385e-01,1.824000e+05
2.994608e-01,1.840382e+05
3.111201e-01,1.857467e+05
3.232334e-01,1.875288e+05
3.358183e-01,1.893876e+05
3.488931e-01,1.913267e+05
3.624770e-01,1.933496e+05
3.765898e-01,1.954602e+05
3.912521e-01,1.976628e+05
4.064852e-01,1.999610e+05
4.223115e-01,2.024034e+05
4.387539e-01,2.049593e+05
4.558364e-01,2.076287e+05
4.735841e-01,2.104168e+05
4.920228e-01,2.133295e+05
5.111794e-01,2.163722e+05
5.310818e-01,2.195513e+05
5.517591e-01,2.228733e+05
5.732414e-01,2.263448e+05
5.955602e-01,2.299729e+05
6.187479e-01,2.337648e+05
6.428385e-01,2.377285e+05
6.678669e-01,2.418717e+05
6.938699e-01,2.462030e+05
7.208852e-01,2.507310e+05
7.489524e-01,2.554651e+05
7.781124e-01,2.604145e+05
8.084076e-01,2.655891e+05
8.398824e-01,2.710300e+05
8.725827e-01,2.767303e+05
9.065561e-01,2.826916e+05
9.418522e-01,2.889255e+05
9.785226e-01,2.954438e+05
1.016621e+00,3.022594e+05
1.056202e+00,3.093849e+05
1.097325e+00,3.168333e+05
1.140048e+00,3.246185e+05
1.184435e+00,3.327536e+05
1.230550e+00,3.412570e+05
1.278461e+00,3.501620e+05
1.328237e+00,3.594627e+05
1.379951e+00,3.691746e+05
1.433678e+00,3.793116e+05
1.489498e+00,3.898899e+05
1.547490e+00,4.009241e+05
1.607741e+00,4.124285e+05
1.670337e+00,4.244245e+05
1.735370e+00,4.369236e+05
1.802936e+00,4.499398e+05
1.873132e+00,4.634882e+05
1.946061e+00,4.775812e+05
2.021830e+00,4.922377e+05
2.100548e+00,5.074521e+05
2.182332e+00,5.232489e+05
2.267299e+00,5.396505e+05
2.355575e+00,5.566668e+05
2.447288e+00,5.743191e+05
2.542571e+00,5.925638e+05
2.641564e+00,6.114660e+05
2.744412e+00,6.310561e+05
2.851264e+00,6.513448e+05
2.962276e+00,6.722665e+05
3.077610e+00,6.939319e+05
3.197434e+00,7.163711e+05
3.321924e+00,7.395739e+05
3.451261e+00,7.635397e+05
3.585634e+00,7.884120e+05
3.725238e+00,8.141836e+05
3.870278e+00,8.408342e+05
4.020964e+00,8.686113e+05
4.177518e+00,8.974132e+05
4.340166e+00,9.273925e+05
4.509148e+00,9.587800e+05
4.684708e+00,9.913635e+05
4.867104e+00,1.025663e+06
5.056602e+00,1.061431e+06
5.253477e+00,1.099121e+06
5.458017e+00,1.138653e+06
5.670522e+00,1.180405e+06
5.891300e+00,1.224215e+06
6.120673e+00,1.270722e+06
6.358977e+00,1.319359e+06
6.606560e+00,1.370989e+06
6.863782e+00,1.425300e+06
7.131018e+00,1.482377e+06
7.408660e+00,1.542695e+06
7.697111e+00,1.605856e+06
7.996792e+00,1.672070e+06
8.308142e+00,1.741624e+06
8.631614e+00,1.814601e+06
8.967680e+00,1.891508e+06
9.316830e+00,1.972343e+06
9.679575e+00,2.058520e+06
1.005644e+01,2.151364e+06
1.044798e+01,2.252436e+06
1.085477e+01,2.364561e+06
1.127739e+01,2.489882e+06
1.171647e+01,2.631164e+06
1.217264e+01,2.789934e+06
1.264657e+01,2.965324e+06
