# Redshift (z), Merger Rate [Gpc^-3 yr^-1]
1.000000e-02,1.206610e+05
1.038934e-02,1.206982e+05
1.079385e-02,1.207368e+05
1.121410e-02,1.207769e+05
1.165071e-02,1.208186e+05
1.210432e-02,1.208619e+05
1.257560e-02,1.209070e+05
1.306522e-02,1.209537e+05
1.357390e-02,1.210023e+05
1.410239e-02,1.210528e+05
1.465146e-02,1.211053e+05
1.522190e-02,1.211598e+05
1.581456e-02,1.212165e+05
1.643029e-02,1.212753e+05
1.706999e-02,1.213366e+05
1.773460e-02,1.214001e+05
1.842508e-02,1.214662e+05
1.914245e-02,1.215349e+05
1.988775e-02,1.216062e+05
2.066206e-02,1.216804e+05
2.146653e-02,1.217575e+05
2.230231e-02,1.218376e+05
2.317064e-02,1.219208e+05
2.407277e-02,1.220074e+05
2.501003e-02,1.220972e+05
2.598378e-02,1.221907e+05
2.699544e-02,1.222877e+05
2.804649e-02,1.223887e+05
2.913846e-02,1.224935e+05
3.027294e-02,1.226026e+05
3.145160e-02,1.227159e+05
3.267614e-02,1.228337e+05
3.394837e-02,1.229561e+05
3.527012e-02,1.230833e+05
3.664334e-02,1.232156e+05
3.807003e-02,1.233530e+05
3.955226e-02,1.234959e+05
4.109220e-02,1.236444e+05
4.269209e-02,1.237988e+05
4.435428e-02,1.239594e+05
4.608118e-02,1.241262e+05
4.787532e-02,1.242996e+05
4.973931e-02,1.244799e+05
5.167588e-02,1.246676e+05
5.368785e-02,1.248647e+05
5.577815e-02,1.250714e+05
5.794983e-02,1.252886e+05
6.020607e-02,1.255162e+05
6.255015e-02,1.257549e+05
6.498549e-02,1.260049e+05
6.751566e-02,1.262665e+05
7.014434e-02,1.265406e+05
7.287536e-02,1.268272e+05
7.571271e-02,1.271268e+05
7.866053e-02,1.274402e+05
8.172313e-02,1.277675e+05
8.490496e-02,1.281096e+05
8.821068e-02,1.284668e+05
9.164510e-02,1.288398e+05
9.521324e-02,1.292293e+05
9.892030e-02,1.296357e+05
1.027717e-01,1.300598e+05
1.067730e-01,1.305023e+05
1.109302e-01,1.309639e+05
1.152492e-01,1.314454e+05
1.197363e-01,1.319474e+05
1.243982e-01,1.324709e+05
1.292415e-01,1.330169e+05
1.342735e-01,1.335861e+05
1.395013e-01,1.341794e+05
1.449327e-01,1.347979e+05
1.505755e-01,1.354426e+05
1.564381e-01,1.361147e+05
1.625289e-01,1.368152e+05
1.688569e-01,1.375453e+05
1.754312e-01,1.383062e+05
1.822615e-01,1.390994e+05
1.893577e-01,1.399261e+05
1.967302e-01,1.407877e+05
2.043898e-01,1.416857e+05
2.123475e-01,1.426219e+05
2.206151e-01,1.435977e+05
2.292046e-01,1.446148e+05
2.381286e-01,1.456751e+05
2.473999e-01,1.467805e+05
2.570323e-01,1.479329e+05
2.670397e-01,1.491346e+05
2.774367e-01,1.503875e+05
2.882385e-01,1.516940e+05
2.994608e-01,1.530564e+05
3.111201e-01,1.544772e+05
3.232334e-01,1.559593e+05
3.358183e-01,1.575052e+05
3.488931e-01,1.591178e+05
3.624770e-01,1.608003e+05
3.765898e-01,1.625556e+05
3.912521e-01,1.643873e+05
4.064852e-01,1.662987e+05
4.223115e-01,1.683299e+05
4.387539e-01,1.704555e+05
4.558364e-01,1.726755e+05
4.735841e-01,1.749943e+05
4.920228e-01,1.774166e+05
5.111794e-01,1.799471e+05
5.310818e-01,1.825911e+05
5.517591e-01,1.853538e+05
5.732414e-01,1.882409e+05
5.955602e-01,1.912582e+05
6.187479e-01,1.944117e+05
6.428385e-01,1.977082e+05
6.678669e-01,2.011539e+05
6.938699e-01,2.047561e+05
7.208852e-01,2.085218e+05
7.489524e-01,2.124589e+05
7.781124e-01,2.165751e+05
8.084076e-01,2.208786e+05
8.398824e-01,2.254036e+05
8.725827e-01,2.301442e+05
9.065561e-01,2.351020e+05
9.418522e-01,2.402864e+05
9.785226e-01,2.457074e+05
1.016621e+00,2.513756e+05
1.056202e+00,2.573016e+05
1.097325e+00,2.634961e+05
1.140048e+00,2.699707e+05
1.184435e+00,2.767363e+05
1.230550e+00,2.838082e+05
1.278461e+00,2.912141e+05
1.328237e+00,2.989491e+05
1.379951e+00,3.070261e+05
1.433678e+00,3.154565e+05
1.489498e+00,3.242541e+05
1.547490e+00,3.334307e+05
1.607741e+00,3.429984e+05
1.670337e+00,3.529749e+05
1.735370e+00,3.633699e+05
1.802936e+00,3.741948e+05
1.873132e+00,3.854624e+05
1.946061e+00,3.971830e+05
2.021830e+00,4.093721e+05
2.100548e+00,4.220252e+05
2.182332e+00,4.351627e+05
2.267299e+00,4.488032e+05
2.355575e+00,4.629549e+05
2.447288e+00,4.776355e+05
2.542571e+00,4.928089e+05
2.641564e+00,5.085290e+05
2.744412e+00,5.248212e+05
2.851264e+00,5.416944e+05
2.962276e+00,5.590941e+05
3.077610e+00,5.771122e+05
3.197434e+00,5.957739e+05
3.321924e+00,6.150706e+05
3.451261e+00,6.350019e+05
3.585634e+00,6.556871e+05
3.725238e+00,6.771201e+05
3.870278e+00,6.992843e+05
4.020964e+00,7.223853e+05
4.177518e+00,7.463385e+05
4.340166e+00,7.712710e+05
4.509148e+00,7.973746e+05
4.684708e+00,8.244728e+05
4.867104e+00,8.529980e+05
5.056602e+00,8.827451e+05
5.253477e+00,9.140897e+05
5.458017e+00,9.469671e+05
5.670522e+00,9.816905e+05
5.891300e+00,1.018125e+06
6.120673e+00,1.056802e+06
6.358977e+00,1.097252e+06
6.606560e+00,1.140190e+06
6.863782e+00,1.185358e+06
7.131018e+00,1.232827e+06
7.408660e+00,1.282991e+06
7.697111e+00,1.335519e+06
7.996792e+00,1.390586e+06
8.308142e+00,1.448431e+06
8.631614e+00,1.509123e+06
8.967680e+00,1.573083e+06
9.316830e+00,1.640310e+06
9.679575e+00,1.711979e+06
1.005644e+01,1.789193e+06
1.044798e+01,1.873250e+06
1.085477e+01,1.966500e+06
1.127739e+01,2.070723e+06
1.171647e+01,2.188221e+06
1.217264e+01,2.320263e+06
1.264657e+01,2.466128e+06
