# Redshift (z), Merger Rate [Gpc^-3 yr^-1]
1.000000e-02,9.426644e+04
1.038934e-02,9.429544e+04
1.079385e-02,9.432560e+04
1.121410e-02,9.435695e+04
1.165071e-02,9.438952e+04
1.210432e-02,9.442335e+04
1.257560e-02,9.445856e+04
1.306522e-02,9.449509e+04
1.357390e-02,9.453305e+04
1.410239e-02,9.457251e+04
1.465146e-02,9.461352e+04
1.522190e-02,9.465608e+04
1.581456e-02,9.470042e+04
1.643029e-02,9.474636e+04
1.706999e-02,9.479421e+04
1.773460e-02,9.484383e+04
1.842508e-02,9.489546e+04
1.914245e-02,9.494911e+04
1.988775e-02,9.500488e+04
2.066206e-02,9.506283e+04
2.146653e-02,9.512308e+04
2.230231e-02,9.518563e+04
2.317064e-02,9.525064e+04
2.407277e-02,9.531824e+04
2.501003e-02,9.538843e+04
2.598378e-02,9.546149e+04
2.699544e-02,9.553730e+04
2.804649e-02,9.561616e+04
2.913846e-02,9.569806e+04
3.027294e-02,9.578329e+04
3.145160e-02,9.587180e+04
3.267614e-02,9.596381e+04
3.394837e-02,9.605944e+04
3.527012e-02,9.615880e+04
3.664334e-02,9.626219e+04
3.807003e-02,9.636953e+04
3.955226e-02,9.648119e+04
4.109220e-02,9.659720e+04
4.269209e-02,9.671782e+04
4.435428e-02,9.684325e+04
4.608118e-02,9.697357e+04
4.787532e-02,9.710906e+04
4.973931e-02,9.724995e+04
5.167588e-02,9.739658e+04
5.368785e-02,9.755051e+04
5.577815e-02,9.771202e+04
5.794983e-02,9.788174e+04
6.020607e-02,9.805955e+04
6.255015e-02,9.824599e+04
6.498549e-02,9.844132e+04
6.751566e-02,9.864573e+04
7.014434e-02,9.885985e+04
7.287536e-02,9.908373e+04
7.571271e-02,9.931778e+04
7.866053e-02,9.956263e+04
8.172313e-02,9.981838e+04
8.490496e-02,1.000856e+05
8.821068e-02,1.003647e+05
9.164510e-02,1.006561e+05
9.521324e-02,1.009604e+05
9.892030e-02,1.012779e+05
1.027717e-01,1.016092e+05
1.067730e-01,1.019549e+05
1.109302e-01,1.023155e+05
1.152492e-01,1.026917e+05
1.197363e-01,1.030839e+05
1.243982e-01,1.034929e+05
1.292415e-01,1.039195e+05
1.342735e-01,1.043641e+05
1.395013e-01,1.048276e+05
1.449327e-01,1.053109e+05
1.505755e-01,1.058145e+05
1.564381e-01,1.063396e+05
1.625289e-01,1.068868e+05
1.688569e-01,1.074572e+05
1.754312e-01,1.080517e+05
1.822615e-01,1.086714e+05
1.893577e-01,1.093173e+05
1.967302e-01,1.099904e+05
2.043898e-01,1.106920e+05
2.123475e-01,1.114233e+05
2.206151e-01,1.121857e+05
2.292046e-01,1.129803e+05
2.381286e-01,1.138087e+05
2.473999e-01,1.146723e+05
2.570323e-01,1.155726e+05
2.670397e-01,1.165114e+05
2.774367e-01,1.174902e+05
2.882385e-01,1.185109e+05
2.994608e-01,1.195753e+05
3.111201e-01,1.206854e+05
3.232334e-01,1.218432e+05
3.358183e-01,1.230509e+05
3.488931e-01,1.243108e+05
3.624770e-01,1.256252e+05
3.765898e-01,1.269965e+05
3.912521e-01,1.284276e+05
4.064852e-01,1.299208e+05
4.223115e-01,1.315077e+05
4.387539e-01,1.331684e+05
4.558364e-01,1.349027e+05
4.735841e-01,1.367143e+05
4.920228e-01,1.386067e+05
5.111794e-01,1.405837e+05
5.310818e-01,1.426493e+05
5.517591e-01,1.448077e+05
5.732414e-01,1.470632e+05
5.955602e-01,1.494204e+05
6.187479e-01,1.518842e+05
6.428385e-01,1.544595e+05
6.678669e-01,1.571515e+05
6.938699e-01,1.599657e+05
7.208852e-01,1.629077e+05
7.489524e-01,1.659835e+05
7.781124e-01,1.691993e+05
8.084076e-01,1.725614e+05
8.398824e-01,1.760965e+05
8.725827e-01,1.798002e+05
9.065561e-01,1.836734e+05
9.418522e-01,1.877238e+05
9.785226e-01,1.919589e+05
1.016621e+00,1.963872e+05
1.056202e+00,2.010169e+05
1.097325e+00,2.058563e+05
1.140048e+00,2.109146e+05
1.184435e+00,2.162003e+05
1.230550e+00,2.217251e+05
1.278461e+00,2.275110e+05
1.328237e+00,2.335540e+05
1.379951e+00,2.398641e+05
1.433678e+00,2.464504e+05
1.489498e+00,2.533235e+05
1.547490e+00,2.604927e+05
1.607741e+00,2.679675e+05
1.670337e+00,2.757616e+05
1.735370e+00,2.838827e+05
1.802936e+00,2.923397e+05
1.873132e+00,3.011425e+05
1.946061e+00,3.102992e+05
2.021830e+00,3.198220e+05
2.100548e+00,3.297072e+05
2.182332e+00,3.399709e+05
2.267299e+00,3.506275e+05
2.355575e+00,3.616835e+05
2.447288e+00,3.731528e+05
2.542571e+00,3.850069e+05
2.641564e+00,3.972883e+05
2.744412e+00,4.100166e+05
2.851264e+00,4.231987e+05
2.962276e+00,4.367923e+05
3.077610e+00,4.508689e+05
3.197434e+00,4.654483e+05
3.321924e+00,4.805239e+05
3.451261e+00,4.960953e+05
3.585634e+00,5.122555e+05
3.725238e+00,5.290001e+05
3.870278e+00,5.463158e+05
4.020964e+00,5.643635e+05
4.177518e+00,5.830770e+05
4.340166e+00,6.025555e+05
4.509148e+00,6.229489e+05
4.684708e+00,6.441194e+05
4.867104e+00,6.664047e+05
5.056602e+00,6.896446e+05
5.253477e+00,7.141326e+05
5.458017e+00,7.398180e+05
5.670522e+00,7.669457e+05
5.891300e+00,7.954104e+05
6.120673e+00,8.256269e+05
6.358977e+00,8.572282e+05
6.606560e+00,8.907736e+05
6.863782e+00,9.260611e+05
7.131018e+00,9.631462e+05
7.408660e+00,1.002336e+06
7.697111e+00,1.043374e+06
7.996792e+00,1.086395e+06
8.308142e+00,1.131587e+06
8.631614e+00,1.179002e+06
8.967680e+00,1.228971e+06
9.316830e+00,1.281492e+06
9.679575e+00,1.337483e+06
1.005644e+01,1.397807e+06
1.044798e+01,1.463477e+06
1.085477e+01,1.536328e+06
1.127739e+01,1.617753e+06
1.171647e+01,1.709548e+06
1.217264e+01,1.812706e+06
1.264657e+01,1.926662e+06
