# Redshift (z), Merger Rate [Gpc^-3 yr^-1]
1.000000e-02,2.905789e+05
1.038934e-02,2.906683e+05
1.079385e-02,2.907613e+05
1.121410e-02,2.908579e+05
1.165071e-02,2.909583e+05
1.210432e-02,2.910626e+05
1.257560e-02,2.911711e+05
1.306522e-02,2.912837e+05
1.357390e-02,2.914007e+05
1.410239e-02,2.915224e+05
1.465146e-02,2.916488e+05
1.522190e-02,2.917800e+05
1.581456e-02,2.919166e+05
1.643029e-02,2.920583e+05
1.706999e-02,2.922058e+05
1.773460e-02,2.923587e+05
1.842508e-02,2.925179e+05
1.914245e-02,2.926832e+05
1.988775e-02,2.928552e+05
2.066206e-02,2.930338e+05
2.146653e-02,2.932195e+05
2.230231e-02,2.934123e+05
2.317064e-02,2.936127e+05
2.407277e-02,2.938211e+05
2.501003e-02,2.940375e+05
2.598378e-02,2.942627e+05
2.699544e-02,2.944964e+05
2.804649e-02,2.947394e+05
2.913846e-02,2.949919e+05
3.027294e-02,2.952546e+05
3.145160e-02,2.955275e+05
3.267614e-02,2.958111e+05
3.394837e-02,2.961059e+05
3.527012e-02,2.964122e+05
3.664334e-02,2.967308e+05
3.807003e-02,2.970617e+05
3.955226e-02,2.974059e+05
4.109220e-02,2.977635e+05
4.269209e-02,2.981353e+05
4.435428e-02,2.985220e+05
4.608118e-02,2.989237e+05
4.787532e-02,2.993414e+05
4.973931e-02,2.997757e+05
5.167588e-02,3.002277e+05
5.368785e-02,3.007021e+05
5.577815e-02,3.012000e+05
5.794983e-02,3.017232e+05
6.020607e-02,3.022713e+05
6.255015e-02,3.028460e+05
6.498549e-02,3.034481e+05
6.751566e-02,3.040782e+05
7.014434e-02,3.047382e+05
7.287536e-02,3.054283e+05
7.571271e-02,3.061498e+05
7.866053e-02,3.069045e+05
8.172313e-02,3.076929e+05
8.490496e-02,3.085167e+05
8.821068e-02,3.093770e+05
9.164510e-02,3.102751e+05
9.521324e-02,3.112131e+05
9.892030e-02,3.121920e+05
1.027717e-01,3.132132e+05
1.067730e-01,3.142788e+05
1.109302e-01,3.153905e+05
1.152492e-01,3.165499e+05
1.197363e-01,3.177590e+05
1.243982e-01,3.190197e+05
1.292415e-01,3.203346e+05
1.342735e-01,3.217053e+05
1.395013e-01,3.231341e+05
1.449327e-01,3.246237e+05
1.505755e-01,3.261762e+05
1.564381e-01,3.277948e+05
1.625289e-01,3.294816e+05
1.688569e-01,3.312399e+05
1.754312e-01,3.330725e+05
1.822615e-01,3.349826e+05
1.893577e-01,3.369735e+05
1.967302e-01,3.390484e+05
2.043898e-01,3.412110e+05
2.123475e-01,3.434655e+05
2.206151e-01,3.458154e+05
2.292046e-01,3.482648e+05
2.381286e-01,3.508184e+05
2.473999e-01,3.534804e+05
2.570323e-01,3.562558e+05
2.670397e-01,3.591496e+05
2.774367e-01,3.621669e+05
2.882385e-01,3.653132e+05
2.994608e-01,3.685942e+05
3.111201e-01,3.720159e+05
3.232334e-01,3.755851e+05
3.358183e-01,3.793079e+05
3.488931e-01,3.831915e+05
3.624770e-01,3.872432e+05
3.765898e-01,3.914703e+05
3.912521e-01,3.958816e+05
4.064852e-01,4.004845e+05
4.223115e-01,4.053761e+05
4.387539e-01,4.104952e+05
4.558364e-01,4.158414e+05
4.735841e-01,4.214256e+05
4.920228e-01,4.272590e+05
5.111794e-01,4.333531e+05
5.310818e-01,4.397203e+05
5.517591e-01,4.463736e+05
5.732414e-01,4.533264e+05
5.955602e-01,4.605926e+05
6.187479e-01,4.681871e+05
6.428385e-01,4.761257e+05
6.678669e-01,4.844237e+05
6.938699e-01,4.930986e+05
7.208852e-01,5.021673e+05
7.489524e-01,5.116488e+05
7.781124e-01,5.215615e+05
8.084076e-01,5.319254e+05
8.398824e-01,5.428225e+05
8.725827e-01,5.542390e+05
9.065561e-01,5.661784e+05
9.418522e-01,5.786638e+05
9.785226e-01,5.917187e+05
1.016621e+00,6.053690e+05
1.056202e+00,6.196401e+05
1.097325e+00,6.345578e+05
1.140048e+00,6.501502e+05
1.184435e+00,6.664432e+05
1.230550e+00,6.834739e+05
1.278461e+00,7.013090e+05
1.328237e+00,7.199366e+05
1.379951e+00,7.393878e+05
1.433678e+00,7.596902e+05
1.489498e+00,7.808766e+05
1.547490e+00,8.029761e+05
1.607741e+00,8.260172e+05
1.670337e+00,8.500429e+05
1.735370e+00,8.750763e+05
1.802936e+00,9.011452e+05
1.873132e+00,9.282802e+05
1.946061e+00,9.565059e+05
2.021830e+00,9.858601e+05
2.100548e+00,1.016332e+06
2.182332e+00,1.047970e+06
2.267299e+00,1.080819e+06
2.355575e+00,1.114899e+06
2.447288e+00,1.150254e+06
2.542571e+00,1.186794e+06
2.641564e+00,1.224652e+06
2.744412e+00,1.263887e+06
2.851264e+00,1.304522e+06
2.962276e+00,1.346424e+06
3.077610e+00,1.389816e+06
3.197434e+00,1.434757e+06
3.321924e+00,1.481228e+06
3.451261e+00,1.529227e+06
3.585634e+00,1.579042e+06
3.725238e+00,1.630657e+06
3.870278e+00,1.684034e+06
4.020964e+00,1.739666e+06
4.177518e+00,1.797351e+06
4.340166e+00,1.857394e+06
4.509148e+00,1.920257e+06
4.684708e+00,1.985516e+06
4.867104e+00,2.054211e+06
5.056602e+00,2.125849e+06
5.253477e+00,2.201333e+06
5.458017e+00,2.280509e+06
5.670522e+00,2.364131e+06
5.891300e+00,2.451875e+06
6.120673e+00,2.545018e+06
6.358977e+00,2.642430e+06
6.606560e+00,2.745834e+06
6.863782e+00,2.854609e+06
7.131018e+00,2.968925e+06
7.408660e+00,3.089730e+06
7.697111e+00,3.216230e+06
7.996792e+00,3.348843e+06
8.308142e+00,3.488147e+06
8.631614e+00,3.634307e+06
8.967680e+00,3.788337e+06
9.316830e+00,3.950234e+06
9.679575e+00,4.122830e+06
1.005644e+01,4.308780e+06
1.044798e+01,4.511207e+06
1.085477e+01,4.735773e+06
1.127739e+01,4.986767e+06
1.171647e+01,5.269729e+06
1.217264e+01,5.587715e+06
1.264657e+01,5.938990e+06
