# Redshift (z), Merger Rate [Gpc^-3 yr^-1]
1.000000e-02,3.952557e+05
1.038934e-02,3.953773e+05
1.079385e-02,3.955037e+05
1.121410e-02,3.956352e+05
1.165071e-02,3.957717e+05
1.210432e-02,3.959136e+05
1.257560e-02,3.960612e+05
1.306522e-02,3.962144e+05
1.357390e-02,3.963736e+05
1.410239e-02,3.965390e+05
1.465146e-02,3.967109e+05
1.522190e-02,3.968894e+05
1.581456e-02,3.970753e+05
1.643029e-02,3.972680e+05
1.706999e-02,3.974686e+05
1.773460e-02,3.976766e+05
1.842508e-02,3.978931e+05
1.914245e-02,3.981181e+05
1.988775e-02,3.983519e+05
2.066206e-02,3.985949e+05
2.146653e-02,3.988475e+05
2.230231e-02,3.991098e+05
2.317064e-02,3.993824e+05
2.407277e-02,3.996658e+05
2.501003e-02,3.999601e+05
2.598378e-02,4.002664e+05
2.699544e-02,4.005843e+05
2.804649e-02,4.009150e+05
2.913846e-02,4.012584e+05
3.027294e-02,4.016158e+05
3.145160e-02,4.019869e+05
3.267614e-02,4.023727e+05
3.394837e-02,4.027737e+05
3.527012e-02,4.031903e+05
3.664334e-02,4.036238e+05
3.807003e-02,4.040739e+05
3.955226e-02,4.045420e+05
4.109220e-02,4.050285e+05
4.269209e-02,4.055342e+05
4.435428e-02,4.060602e+05
4.608118e-02,4.066066e+05
4.787532e-02,4.071747e+05
4.973931e-02,4.077654e+05
5.167588e-02,4.083802e+05
5.368785e-02,4.090256e+05
5.577815e-02,4.097028e+05
5.794983e-02,4.104145e+05
6.020607e-02,4.111601e+05
6.255015e-02,4.119418e+05
6.498549e-02,4.127608e+05
6.751566e-02,4.136179e+05
7.014434e-02,4.145157e+05
7.287536e-02,4.154544e+05
7.571271e-02,4.164358e+05
7.866053e-02,4.174624e+05
8.172313e-02,4.185348e+05
8.490496e-02,4.196553e+05
8.821068e-02,4.208255e+05
9.164510e-02,4.220472e+05
9.521324e-02,4.233230e+05
9.892030e-02,4.246545e+05
1.027717e-01,4.260436e+05
1.067730e-01,4.274931e+05
1.109302e-01,4.290052e+05
1.152492e-01,4.305824e+05
1.197363e-01,4.322270e+05
1.243982e-01,4.339419e+05
1.292415e-01,4.357304e+05
1.342735e-01,4.375949e+05
1.395013e-01,4.395383e+05
1.449327e-01,4.415646e+05
1.505755e-01,4.436764e+05
1.564381e-01,4.458780e+05
1.625289e-01,4.481725e+05
1.688569e-01,4.505641e+05
1.754312e-01,4.530569e+05
1.822615e-01,4.556551e+05
1.893577e-01,4.583632e+05
1.967302e-01,4.611856e+05
2.043898e-01,4.641273e+05
2.123475e-01,4.671939e+05
2.206151e-01,4.703903e+05
2.292046e-01,4.737221e+05
2.381286e-01,4.771955e+05
2.473999e-01,4.808165e+05
2.570323e-01,4.845916e+05
2.670397e-01,4.885279e+05
2.774367e-01,4.926322e+05
2.882385e-01,4.969119e+05
2.994608e-01,5.013748e+05
3.111201e-01,5.060292e+05
3.232334e-01,5.108842e+05
3.358183e-01,5.159479e+05
3.488931e-01,5.212306e+05
3.624770e-01,5.267418e+05
3.765898e-01,5.324917e+05
3.912521e-01,5.384920e+05
4.064852e-01,5.447532e+05
4.223115e-01,5.514069e+05
4.387539e-01,5.583700e+05
4.558364e-01,5.656421e+05
4.735841e-01,5.732379e+05
4.920228e-01,5.811728e+05
5.111794e-01,5.894621e+05
5.310818e-01,5.981231e+05
5.517591e-01,6.071732e+05
5.732414e-01,6.166305e+05
5.955602e-01,6.265143e+05
6.187479e-01,6.368447e+05
6.428385e-01,6.476429e+05
6.678669e-01,6.589303e+05
6.938699e-01,6.707301e+05
7.208852e-01,6.830657e+05
7.489524e-01,6.959627e+05
7.781124e-01,7.094464e+05
8.084076e-01,7.235436e+05
8.398824e-01,7.383663e+05
8.725827e-01,7.538955e+05
9.065561e-01,7.701358e+05
9.418522e-01,7.871188e+05
9.785226e-01,8.048766e+05
1.016621e+00,8.234443e+05
1.056202e+00,8.428562e+05
1.097325e+00,8.631479e+05
1.140048e+00,8.843572e+05
1.184435e+00,9.065196e+05
1.230550e+00,9.296853e+05
1.278461e+00,9.539452e+05
1.328237e+00,9.792831e+05
1.379951e+00,1.005741e+06
1.433678e+00,1.033357e+06
1.489498e+00,1.062176e+06
1.547490e+00,1.092236e+06
1.607741e+00,1.123578e+06
1.670337e+00,1.156258e+06
1.735370e+00,1.190310e+06
1.802936e+00,1.225770e+06
1.873132e+00,1.262679e+06
1.946061e+00,1.301073e+06
2.021830e+00,1.341002e+06
2.100548e+00,1.382450e+06
2.182332e+00,1.425485e+06
2.267299e+00,1.470168e+06
2.355575e+00,1.516526e+06
2.447288e+00,1.564616e+06
2.542571e+00,1.614320e+06
2.641564e+00,1.665815e+06
2.744412e+00,1.719184e+06
2.851264e+00,1.774457e+06
2.962276e+00,1.831454e+06
3.077610e+00,1.890477e+06
3.197434e+00,1.951607e+06
3.321924e+00,2.014819e+06
3.451261e+00,2.080109e+06
3.585634e+00,2.147868e+06
3.725238e+00,2.218078e+06
3.870278e+00,2.290682e+06
4.020964e+00,2.366355e+06
4.177518e+00,2.444820e+06
4.340166e+00,2.526493e+06
4.509148e+00,2.612001e+06
4.684708e+00,2.700769e+06
4.867104e+00,2.794210e+06
5.056602e+00,2.891654e+06
5.253477e+00,2.994331e+06
5.458017e+00,3.102029e+06
5.670522e+00,3.215775e+06
5.891300e+00,3.335126e+06
6.120673e+00,3.461823e+06
6.358977e+00,3.594326e+06
6.606560e+00,3.734981e+06
6.863782e+00,3.882940e+06
7.131018e+00,4.038436e+06
7.408660e+00,4.202759e+06
7.697111e+00,4.374829e+06
7.996792e+00,4.555215e+06
8.308142e+00,4.744701e+06
8.631614e+00,4.943512e+06
8.967680e+00,5.153030e+06
9.316830e+00,5.373248e+06
9.679575e+00,5.608018e+06
1.005644e+01,5.860954e+06
1.044798e+01,6.136303e+06
1.085477e+01,6.441765e+06
1.127739e+01,6.783177e+06
1.171647e+01,7.168071e+06
1.217264e+01,7.600608e+06
1.264657e+01,8.078423e+06
