# Redshift (z), Merger Rate [Gpc^-3 yr^-1]
1.000000e-02,5.059272e+05
1.038934e-02,5.060829e+05
1.079385e-02,5.062447e+05
1.121410e-02,5.064130e+05
1.165071e-02,5.065878e+05
1.210432e-02,5.067694e+05
1.257560e-02,5.069583e+05
1.306522e-02,5.071544e+05
1.357390e-02,5.073581e+05
1.410239e-02,5.075699e+05
1.465146e-02,5.077900e+05
1.522190e-02,5.080184e+05
1.581456e-02,5.082564e+05
1.643029e-02,5.085030e+05
1.706999e-02,5.087598e+05
1.773460e-02,5.090261e+05
1.842508e-02,5.093032e+05
1.914245e-02,5.095911e+05
1.988775e-02,5.098904e+05
2.066206e-02,5.102015e+05
2.146653e-02,5.105248e+05
2.230231e-02,5.108605e+05
2.317064e-02,5.112095e+05
2.407277e-02,5.115723e+05
2.501003e-02,5.119490e+05
2.598378e-02,5.123411e+05
2.699544e-02,5.127479e+05
2.804649e-02,5.131712e+05
2.913846e-02,5.136107e+05
3.027294e-02,5.140682e+05
3.145160e-02,5.145432e+05
3.267614e-02,5.150370e+05
3.394837e-02,5.155503e+05
3.527012e-02,5.160836e+05
3.664334e-02,5.166384e+05
3.807003e-02,5.172145e+05
3.955226e-02,5.178138e+05
4.109220e-02,5.184364e+05
4.269209e-02,5.190838e+05
4.435428e-02,5.197570e+05
4.608118e-02,5.204564e+05
4.787532e-02,5.211836e+05
4.973931e-02,5.219397e+05
5.167588e-02,5.227267e+05
5.368785e-02,5.235528e+05
5.577815e-02,5.244196e+05
5.794983e-02,5.253305e+05
6.020607e-02,5.262849e+05
6.255015e-02,5.272855e+05
6.498549e-02,5.283338e+05
6.751566e-02,5.294309e+05
7.014434e-02,5.305801e+05
7.287536e-02,5.317816e+05
7.571271e-02,5.330378e+05
7.866053e-02,5.343518e+05
8.172313e-02,5.357245e+05
8.490496e-02,5.371588e+05
8.821068e-02,5.386566e+05
9.164510e-02,5.402204e+05
9.521324e-02,5.418535e+05
9.892030e-02,5.435578e+05
1.027717e-01,5.453358e+05
1.067730e-01,5.471912e+05
1.109302e-01,5.491267e+05
1.152492e-01,5.511455e+05
1.197363e-01,5.532505e+05
1.243982e-01,5.554456e+05
1.292415e-01,5.577350e+05
1.342735e-01,5.601215e+05
1.395013e-01,5.626091e+05
1.449327e-01,5.652027e+05
1.505755e-01,5.679058e+05
1.564381e-01,5.707238e+05
1.625289e-01,5.736609e+05
1.688569e-01,5.767221e+05
1.754312e-01,5.799128e+05
1.822615e-01,5.832386e+05
1.893577e-01,5.867049e+05
1.967302e-01,5.903176e+05
2.043898e-01,5.940829e+05
2.123475e-01,5.980082e+05
2.206151e-01,6.020996e+05
2.292046e-01,6.063643e+05
2.381286e-01,6.108102e+05
2.473999e-01,6.154451e+05
2.570323e-01,6.202773e+05
2.670397e-01,6.253157e+05
2.774367e-01,6.305692e+05
2.882385e-01,6.360472e+05
2.994608e-01,6.417597e+05
3.111201e-01,6.477173e+05
3.232334e-01,6.539317e+05
3.358183e-01,6.604134e+05
3.488931e-01,6.671752e+05
3.624770e-01,6.742295e+05
3.765898e-01,6.815894e+05
3.912521e-01,6.892698e+05
4.064852e-01,6.972841e+05
4.223115e-01,7.058008e+05
4.387539e-01,7.147136e+05
4.558364e-01,7.240219e+05
4.735841e-01,7.337445e+05
4.920228e-01,7.439011e+05
5.111794e-01,7.545115e+05
5.310818e-01,7.655975e+05
5.517591e-01,7.771817e+05
5.732414e-01,7.892870e+05
5.955602e-01,8.019384e+05
6.187479e-01,8.151612e+05
6.428385e-01,8.289829e+05
6.678669e-01,8.434307e+05
6.938699e-01,8.585345e+05
7.208852e-01,8.743241e+05
7.489524e-01,8.908323e+05
7.781124e-01,9.080914e+05
8.084076e-01,9.261359e+05
8.398824e-01,9.451088e+05
8.725827e-01,9.649862e+05
9.065561e-01,9.857738e+05
9.418522e-01,1.007512e+06
9.785226e-01,1.030242e+06
1.016621e+00,1.054009e+06
1.056202e+00,1.078856e+06
1.097325e+00,1.104829e+06
1.140048e+00,1.131977e+06
1.184435e+00,1.160345e+06
1.230550e+00,1.189997e+06
1.278461e+00,1.221050e+06
1.328237e+00,1.253482e+06
1.379951e+00,1.287349e+06
1.433678e+00,1.322697e+06
1.489498e+00,1.359585e+06
1.547490e+00,1.398063e+06
1.607741e+00,1.438179e+06
1.670337e+00,1.480011e+06
1.735370e+00,1.523596e+06
1.802936e+00,1.568985e+06
1.873132e+00,1.616230e+06
1.946061e+00,1.665373e+06
2.021830e+00,1.716482e+06
2.100548e+00,1.769536e+06
2.182332e+00,1.824621e+06
2.267299e+00,1.881815e+06
2.355575e+00,1.941153e+06
2.447288e+00,2.002708e+06
2.542571e+00,2.066329e+06
2.641564e+00,2.132243e+06
2.744412e+00,2.200556e+06
2.851264e+00,2.271304e+06
2.962276e+00,2.344261e+06
3.077610e+00,2.419810e+06
3.197434e+00,2.498058e+06
3.321924e+00,2.578968e+06
3.451261e+00,2.662539e+06
3.585634e+00,2.749272e+06
3.725238e+00,2.839140e+06
3.870278e+00,2.932073e+06
4.020964e+00,3.028934e+06
4.177518e+00,3.129370e+06
4.340166e+00,3.233911e+06
4.509148e+00,3.343362e+06
4.684708e+00,3.456984e+06
4.867104e+00,3.576589e+06
5.056602e+00,3.701317e+06
5.253477e+00,3.832744e+06
5.458017e+00,3.970598e+06
5.670522e+00,4.116192e+06
5.891300e+00,4.268962e+06
6.120673e+00,4.431133e+06
6.358977e+00,4.600737e+06
6.606560e+00,4.780775e+06
6.863782e+00,4.970163e+06
7.131018e+00,5.169198e+06
7.408660e+00,5.379532e+06
7.697111e+00,5.599781e+06
7.996792e+00,5.830675e+06
8.308142e+00,6.073217e+06
8.631614e+00,6.327696e+06
8.967680e+00,6.595878e+06
9.316830e+00,6.877757e+06
9.679575e+00,7.178264e+06
1.005644e+01,7.502021e+06
1.044798e+01,7.854468e+06
1.085477e+01,8.245459e+06
1.127739e+01,8.682466e+06
1.171647e+01,9.175131e+06
1.217264e+01,9.728778e+06
1.264657e+01,1.034038e+07
