# Redshift (z), Merger Rate [Gpc^-3 yr^-1]
1.000000e-02,1.303857e+05
1.038934e-02,1.304259e+05
1.079385e-02,1.304676e+05
1.121410e-02,1.305109e+05
1.165071e-02,1.305560e+05
1.210432e-02,1.306028e+05
1.257560e-02,1.306515e+05
1.306522e-02,1.307020e+05
1.357390e-02,1.307545e+05
1.410239e-02,1.308091e+05
1.465146e-02,1.308658e+05
1.522190e-02,1.309247e+05
1.581456e-02,1.309860e+05
1.643029e-02,1.310496e+05
1.706999e-02,1.311157e+05
1.773460e-02,1.311844e+05
1.842508e-02,1.312558e+05
1.914245e-02,1.313300e+05
1.988775e-02,1.314071e+05
2.066206e-02,1.314873e+05
2.146653e-02,1.315706e+05
2.230231e-02,1.316571e+05
2.317064e-02,1.317471e+05
2.407277e-02,1.318406e+05
2.501003e-02,1.319376e+05
2.598378e-02,1.320387e+05
2.699544e-02,1.321435e+05
2.804649e-02,1.322526e+05
2.913846e-02,1.323659e+05
3.027294e-02,1.324838e+05
3.145160e-02,1.326062e+05
3.267614e-02,1.327335e+05
3.394837e-02,1.328658e+05
3.527012e-02,1.330032e+05
3.664334e-02,1.331462e+05
3.807003e-02,1.332947e+05
3.955226e-02,1.334491e+05
4.109220e-02,1.336096e+05
4.269209e-02,1.337764e+05
4.435428e-02,1.339499e+05
4.608118e-02,1.341302e+05
4.787532e-02,1.343176e+05
4.973931e-02,1.345124e+05
5.167588e-02,1.347152e+05
5.368785e-02,1.349281e+05
5.577815e-02,1.351515e+05
5.794983e-02,1.353863e+05
6.020607e-02,1.356322e+05
6.255015e-02,1.358901e+05
6.498549e-02,1.361603e+05
6.751566e-02,1.364430e+05
7.014434e-02,1.367392e+05
7.287536e-02,1.370488e+05
7.571271e-02,1.373726e+05
7.866053e-02,1.377112e+05
8.172313e-02,1.380650e+05
8.490496e-02,1.384346e+05
8.821068e-02,1.388206e+05
9.164510e-02,1.392236e+05
9.521324e-02,1.396445e+05
9.892030e-02,1.400838e+05
1.027717e-01,1.405420e+05
1.067730e-01,1.410201e+05
1.109302e-01,1.415190e+05
1.152492e-01,1.420392e+05
1.197363e-01,1.425817e+05
1.243982e-01,1.431474e+05
1.292415e-01,1.437374e+05
1.342735e-01,1.443525e+05
1.395013e-01,1.449936e+05
1.449327e-01,1.456620e+05
1.505755e-01,1.463586e+05
1.564381e-01,1.470849e+05
1.625289e-01,1.478418e+05
1.688569e-01,1.486307e+05
1.754312e-01,1.494530e+05
1.822615e-01,1.503101e+05
1.893577e-01,1.512035e+05
1.967302e-01,1.521345e+05
2.043898e-01,1.531049e+05
2.123475e-01,1.541165e+05
2.206151e-01,1.551709e+05
2.292046e-01,1.562700e+05
2.381286e-01,1.574158e+05
2.473999e-01,1.586103e+05
2.570323e-01,1.598556e+05
2.670397e-01,1.611541e+05
2.774367e-01,1.625080e+05
2.882385e-01,1.639198e+05
2.994608e-01,1.653920e+05
3.111201e-01,1.669274e+05
3.232334e-01,1.685289e+05
3.358183e-01,1.701993e+05
3.488931e-01,1.719420e+05
3.624770e-01,1.737600e+05
3.765898e-01,1.756568e+05
3.912521e-01,1.776361e+05
4.064852e-01,1.797015e+05
4.223115e-01,1.818964e+05
4.387539e-01,1.841934e+05
4.558364e-01,1.865923e+05
4.735841e-01,1.890980e+05
4.920228e-01,1.917155e+05
5.111794e-01,1.944500e+05
5.310818e-01,1.973070e+05
5.517591e-01,2.002924e+05
5.732414e-01,2.034122e+05
5.955602e-01,2.066727e+05
6.187479e-01,2.100804e+05
6.428385e-01,2.136425e+05
6.678669e-01,2.173659e+05
6.938699e-01,2.212584e+05
7.208852e-01,2.253277e+05
7.489524e-01,2.295821e+05
7.781124e-01,2.340300e+05
8.084076e-01,2.386804e+05
8.398824e-01,2.435700e+05
8.725827e-01,2.486928e+05
9.065561e-01,2.540501e+05
9.418522e-01,2.596524e+05
9.785226e-01,2.655103e+05
1.016621e+00,2.716353e+05
1.056202e+00,2.780389e+05
1.097325e+00,2.847326e+05
1.140048e+00,2.917291e+05
1.184435e+00,2.990399e+05
1.230550e+00,3.066818e+05
1.278461e+00,3.146846e+05
1.328237e+00,3.230430e+05
1.379951e+00,3.317709e+05
1.433678e+00,3.408808e+05
1.489498e+00,3.503874e+05
1.547490e+00,3.603036e+05
1.607741e+00,3.706424e+05
1.670337e+00,3.814230e+05
1.735370e+00,3.926557e+05
1.802936e+00,4.043531e+05
1.873132e+00,4.165289e+05
1.946061e+00,4.291940e+05
2.021830e+00,4.423656e+05
2.100548e+00,4.560384e+05
2.182332e+00,4.702348e+05
2.267299e+00,4.849746e+05
2.355575e+00,5.002669e+05
2.447288e+00,5.161307e+05
2.542571e+00,5.325269e+05
2.641564e+00,5.495140e+05
2.744412e+00,5.671193e+05
2.851264e+00,5.853524e+05
2.962276e+00,6.041544e+05
3.077610e+00,6.236247e+05
3.197434e+00,6.437904e+05
3.321924e+00,6.646423e+05
3.451261e+00,6.861800e+05
3.585634e+00,7.085323e+05
3.725238e+00,7.316928e+05
3.870278e+00,7.556432e+05
4.020964e+00,7.806061e+05
4.177518e+00,8.064899e+05
4.340166e+00,8.334317e+05
4.509148e+00,8.616391e+05
4.684708e+00,8.909214e+05
4.867104e+00,9.217456e+05
5.056602e+00,9.538901e+05
5.253477e+00,9.877609e+05
5.458017e+00,1.023288e+06
5.670522e+00,1.060810e+06
5.891300e+00,1.100181e+06
6.120673e+00,1.141976e+06
6.358977e+00,1.185685e+06
6.606560e+00,1.232084e+06
6.863782e+00,1.280892e+06
7.131018e+00,1.332187e+06
7.408660e+00,1.386393e+06
7.697111e+00,1.443155e+06
7.996792e+00,1.502660e+06
8.308142e+00,1.565168e+06
8.631614e+00,1.630751e+06
8.967680e+00,1.699866e+06
9.316830e+00,1.772511e+06
9.679575e+00,1.849956e+06
1.005644e+01,1.933394e+06
1.044798e+01,2.024225e+06
1.085477e+01,2.124990e+06
1.127739e+01,2.237614e+06
1.171647e+01,2.364582e+06
1.217264e+01,2.507265e+06
1.264657e+01,2.664886e+06
