# Redshift (z), Merger Rate [Gpc^-3 yr^-1]
1.000000e-02,1.186610e+05
1.038934e-02,1.186975e+05
1.079385e-02,1.187355e+05
1.121410e-02,1.187750e+05
1.165071e-02,1.188160e+05
1.210432e-02,1.188585e+05
1.257560e-02,1.189029e+05
1.306522e-02,1.189488e+05
1.357390e-02,1.189966e+05
1.410239e-02,1.190463e+05
1.465146e-02,1.190979e+05
1.522190e-02,1.191515e+05
1.581456e-02,1.192073e+05
1.643029e-02,1.192651e+05
1.706999e-02,1.193254e+05
1.773460e-02,1.193878e+05
1.842508e-02,1.194528e+05
1.914245e-02,1.195204e+05
1.988775e-02,1.195906e+05
2.066206e-02,1.196635e+05
2.146653e-02,1.197393e+05
2.230231e-02,1.198181e+05
2.317064e-02,1.198999e+05
2.407277e-02,1.199850e+05
2.501003e-02,1.200734e+05
2.598378e-02,1.201653e+05
2.699544e-02,1.202608e+05
2.804649e-02,1.203600e+05
2.913846e-02,1.204631e+05
3.027294e-02,1.205704e+05
3.145160e-02,1.206818e+05
3.267614e-02,1.207976e+05
3.394837e-02,1.209180e+05
3.527012e-02,1.210431e+05
3.664334e-02,1.211732e+05
3.807003e-02,1.213084e+05
3.955226e-02,1.214489e+05
4.109220e-02,1.215950e+05
4.269209e-02,1.217468e+05
4.435428e-02,1.219047e+05
4.608118e-02,1.220687e+05
4.787532e-02,1.222393e+05
4.973931e-02,1.224166e+05
5.167588e-02,1.226012e+05
5.368785e-02,1.227950e+05
5.577815e-02,1.229983e+05
5.794983e-02,1.232119e+05
6.020607e-02,1.234357e+05
6.255015e-02,1.236704e+05
6.498549e-02,1.239163e+05
6.751566e-02,1.241736e+05
7.014434e-02,1.244431e+05
7.287536e-02,1.247250e+05
7.571271e-02,1.250196e+05
7.866053e-02,1.253278e+05
8.172313e-02,1.256497e+05
8.490496e-02,1.259861e+05
8.821068e-02,1.263374e+05
9.164510e-02,1.267042e+05
9.521324e-02,1.270872e+05
9.892030e-02,1.274870e+05
1.027717e-01,1.279040e+05
1.067730e-01,1.283391e+05
1.109302e-01,1.287931e+05
1.152492e-01,1.292666e+05
1.197363e-01,1.297603e+05
1.243982e-01,1.302751e+05
1.292415e-01,1.308121e+05
1.342735e-01,1.313718e+05
1.395013e-01,1.319553e+05
1.449327e-01,1.325636e+05
1.505755e-01,1.331976e+05
1.564381e-01,1.338585e+05
1.625289e-01,1.345474e+05
1.688569e-01,1.352654e+05
1.754312e-01,1.360137e+05
1.822615e-01,1.367938e+05
1.893577e-01,1.376067e+05
1.967302e-01,1.384541e+05
2.043898e-01,1.393372e+05
2.123475e-01,1.402578e+05
2.206151e-01,1.412175e+05
2.292046e-01,1.422177e+05
2.381286e-01,1.432605e+05
2.473999e-01,1.443475e+05
2.570323e-01,1.454809e+05
2.670397e-01,1.466626e+05
2.774367e-01,1.478948e+05
2.882385e-01,1.491796e+05
2.994608e-01,1.505194e+05
3.111201e-01,1.519167e+05
3.232334e-01,1.533742e+05
3.358183e-01,1.548945e+05
3.488931e-01,1.564804e+05
3.624770e-01,1.581349e+05
3.765898e-01,1.598611e+05
3.912521e-01,1.616625e+05
4.064852e-01,1.635422e+05
4.223115e-01,1.655397e+05
4.387539e-01,1.676301e+05
4.558364e-01,1.698133e+05
4.735841e-01,1.720937e+05
4.920228e-01,1.744758e+05
5.111794e-01,1.769644e+05
5.310818e-01,1.795645e+05
5.517591e-01,1.822815e+05
5.732414e-01,1.851207e+05
5.955602e-01,1.880880e+05
6.187479e-01,1.911893e+05
6.428385e-01,1.944310e+05
6.678669e-01,1.978197e+05
6.938699e-01,2.013621e+05
7.208852e-01,2.050654e+05
7.489524e-01,2.089373e+05
7.781124e-01,2.129853e+05
8.084076e-01,2.172175e+05
8.398824e-01,2.216674e+05
8.725827e-01,2.263295e+05
9.065561e-01,2.312050e+05
9.418522e-01,2.363036e+05
9.785226e-01,2.416347e+05
1.016621e+00,2.472090e+05
1.056202e+00,2.530367e+05
1.097325e+00,2.591285e+05
1.140048e+00,2.654958e+05
1.184435e+00,2.721493e+05
1.230550e+00,2.791039e+05
1.278461e+00,2.863871e+05
1.328237e+00,2.939939e+05
1.379951e+00,3.019370e+05
1.433678e+00,3.102277e+05
1.489498e+00,3.188794e+05
1.547490e+00,3.279039e+05
1.607741e+00,3.373130e+05
1.670337e+00,3.471242e+05
1.735370e+00,3.573468e+05
1.802936e+00,3.679924e+05
1.873132e+00,3.790732e+05
1.946061e+00,3.905995e+05
2.021830e+00,4.025866e+05
2.100548e+00,4.150299e+05
2.182332e+00,4.279497e+05
2.267299e+00,4.413641e+05
2.355575e+00,4.552812e+05
2.447288e+00,4.697185e+05
2.542571e+00,4.846403e+05
2.641564e+00,5.000999e+05
2.744412e+00,5.161220e+05
2.851264e+00,5.327155e+05
2.962276e+00,5.498268e+05
3.077610e+00,5.675463e+05
3.197434e+00,5.858986e+05
3.321924e+00,6.048755e+05
3.451261e+00,6.244764e+05
3.585634e+00,6.448187e+05
3.725238e+00,6.658965e+05
3.870278e+00,6.876933e+05
4.020964e+00,7.104114e+05
4.177518e+00,7.339676e+05
4.340166e+00,7.584868e+05
4.509148e+00,7.841577e+05
4.684708e+00,8.108068e+05
4.867104e+00,8.388592e+05
5.056602e+00,8.681131e+05
5.253477e+00,8.989382e+05
5.458017e+00,9.312706e+05
5.670522e+00,9.654185e+05
5.891300e+00,1.001249e+06
6.120673e+00,1.039285e+06
6.358977e+00,1.079065e+06
6.606560e+00,1.121291e+06
6.863782e+00,1.165710e+06
7.131018e+00,1.212392e+06
7.408660e+00,1.261724e+06
7.697111e+00,1.313382e+06
7.996792e+00,1.367536e+06
8.308142e+00,1.424423e+06
8.631614e+00,1.484108e+06
8.967680e+00,1.547008e+06
9.316830e+00,1.613121e+06
9.679575e+00,1.683602e+06
1.005644e+01,1.759537e+06
1.044798e+01,1.842200e+06
1.085477e+01,1.933904e+06
1.127739e+01,2.036400e+06
1.171647e+01,2.151951e+06
1.217264e+01,2.281804e+06
1.264657e+01,2.425250e+06
