# Redshift (z), Merger Rate [Gpc^-3 yr^-1]
1.000000e-02,7.488694e+04
1.038934e-02,7.490999e+04
1.079385e-02,7.493394e+04
1.121410e-02,7.495885e+04
1.165071e-02,7.498472e+04
1.210432e-02,7.501160e+04
1.257560e-02,7.503957e+04
1.306522e-02,7.506859e+04
1.357390e-02,7.509875e+04
1.410239e-02,7.513009e+04
1.465146e-02,7.516267e+04
1.522190e-02,7.519648e+04
1.581456e-02,7.523170e+04
1.643029e-02,7.526821e+04
1.706999e-02,7.530621e+04
1.773460e-02,7.534563e+04
1.842508e-02,7.538665e+04
1.914245e-02,7.542927e+04
1.988775e-02,7.547357e+04
2.066206e-02,7.551961e+04
2.146653e-02,7.556747e+04
2.230231e-02,7.561716e+04
2.317064e-02,7.566881e+04
2.407277e-02,7.572252e+04
2.501003e-02,7.577827e+04
2.598378e-02,7.583631e+04
2.699544e-02,7.589654e+04
2.804649e-02,7.595919e+04
2.913846e-02,7.602425e+04
3.027294e-02,7.609196e+04
3.145160e-02,7.616227e+04
3.267614e-02,7.623537e+04
3.394837e-02,7.631134e+04
3.527012e-02,7.639027e+04
3.664334e-02,7.647240e+04
3.807003e-02,7.655768e+04
3.955226e-02,7.664638e+04
4.109220e-02,7.673855e+04
4.269209e-02,7.683436e+04
4.435428e-02,7.693401e+04
4.608118e-02,7.703754e+04
4.787532e-02,7.714518e+04
4.973931e-02,7.725710e+04
5.167588e-02,7.737359e+04
5.368785e-02,7.749587e+04
5.577815e-02,7.762417e+04
5.794983e-02,7.775900e+04
6.020607e-02,7.790026e+04
6.255015e-02,7.804837e+04
6.498549e-02,7.820355e+04
6.751566e-02,7.836594e+04
7.014434e-02,7.853603e+04
7.287536e-02,7.871389e+04
7.571271e-02,7.889982e+04
7.866053e-02,7.909433e+04
8.172313e-02,7.929751e+04
8.490496e-02,7.950981e+04
8.821068e-02,7.973152e+04
9.164510e-02,7.996298e+04
9.521324e-02,8.020472e+04
9.892030e-02,8.045699e+04
1.027717e-01,8.072017e+04
1.067730e-01,8.099480e+04
1.109302e-01,8.128129e+04
1.152492e-01,8.158011e+04
1.197363e-01,8.189170e+04
1.243982e-01,8.221661e+04
1.292415e-01,8.255548e+04
1.342735e-01,8.290873e+04
1.395013e-01,8.327694e+04
1.449327e-01,8.366085e+04
1.505755e-01,8.406096e+04
1.564381e-01,8.447808e+04
1.625289e-01,8.491282e+04
1.688569e-01,8.536594e+04
1.754312e-01,8.583823e+04
1.822615e-01,8.633050e+04
1.893577e-01,8.684358e+04
1.967302e-01,8.737834e+04
2.043898e-01,8.793567e+04
2.123475e-01,8.851669e+04
2.206151e-01,8.912230e+04
2.292046e-01,8.975356e+04
2.381286e-01,9.041164e+04
2.473999e-01,9.109769e+04
2.570323e-01,9.181295e+04
2.670397e-01,9.255873e+04
2.774367e-01,9.333635e+04
2.882385e-01,9.414720e+04
2.994608e-01,9.499276e+04
3.111201e-01,9.587460e+04
3.232334e-01,9.679445e+04
3.358183e-01,9.775385e+04
3.488931e-01,9.875473e+04
3.624770e-01,9.979892e+04
3.765898e-01,1.008883e+05
3.912521e-01,1.020252e+05
4.064852e-01,1.032114e+05
4.223115e-01,1.044721e+05
4.387539e-01,1.057913e+05
4.558364e-01,1.071691e+05
4.735841e-01,1.086083e+05
4.920228e-01,1.101116e+05
5.111794e-01,1.116822e+05
5.310818e-01,1.133231e+05
5.517591e-01,1.150378e+05
5.732414e-01,1.168296e+05
5.955602e-01,1.187023e+05
6.187479e-01,1.206595e+05
6.428385e-01,1.227054e+05
6.678669e-01,1.248439e+05
6.938699e-01,1.270796e+05
7.208852e-01,1.294168e+05
7.489524e-01,1.318603e+05
7.781124e-01,1.344150e+05
8.084076e-01,1.370859e+05
8.398824e-01,1.398942e+05
8.725827e-01,1.428365e+05
9.065561e-01,1.459134e+05
9.418522e-01,1.491311e+05
9.785226e-01,1.524956e+05
1.016621e+00,1.560135e+05
1.056202e+00,1.596914e+05
1.097325e+00,1.635360e+05
1.140048e+00,1.675544e+05
1.184435e+00,1.717533e+05
1.230550e+00,1.761424e+05
1.278461e+00,1.807388e+05
1.328237e+00,1.855395e+05
1.379951e+00,1.905524e+05
1.433678e+00,1.957846e+05
1.489498e+00,2.012447e+05
1.547490e+00,2.069401e+05
1.607741e+00,2.128782e+05
1.670337e+00,2.190700e+05
1.735370e+00,2.255215e+05
1.802936e+00,2.322399e+05
1.873132e+00,2.392330e+05
1.946061e+00,2.465072e+05
2.021830e+00,2.540723e+05
2.100548e+00,2.619253e+05
2.182332e+00,2.700790e+05
2.267299e+00,2.785448e+05
2.355575e+00,2.873279e+05
2.447288e+00,2.964392e+05
2.542571e+00,3.058564e+05
2.641564e+00,3.156129e+05
2.744412e+00,3.257245e+05
2.851264e+00,3.361966e+05
2.962276e+00,3.469956e+05
3.077610e+00,3.581783e+05
3.197434e+00,3.697605e+05
3.321924e+00,3.817368e+05
3.451261e+00,3.941069e+05
3.585634e+00,4.069450e+05
3.725238e+00,4.202472e+05
3.870278e+00,4.340031e+05
4.020964e+00,4.483404e+05
4.177518e+00,4.632068e+05
4.340166e+00,4.786808e+05
4.509148e+00,4.948817e+05
4.684708e+00,5.117000e+05
4.867104e+00,5.294038e+05
5.056602e+00,5.478660e+05
5.253477e+00,5.673197e+05
5.458017e+00,5.877247e+05
5.670522e+00,6.092754e+05
5.891300e+00,6.318883e+05
6.120673e+00,6.558928e+05
6.358977e+00,6.809974e+05
6.606560e+00,7.076465e+05
6.863782e+00,7.356795e+05
7.131018e+00,7.651406e+05
7.408660e+00,7.962739e+05
7.697111e+00,8.288751e+05
7.996792e+00,8.630518e+05
8.308142e+00,8.989528e+05
8.631614e+00,9.366204e+05
8.967680e+00,9.763166e+05
9.316830e+00,1.018040e+06
9.679575e+00,1.062521e+06
1.005644e+01,1.110443e+06
1.044798e+01,1.162612e+06
1.085477e+01,1.220486e+06
1.127739e+01,1.285172e+06
1.171647e+01,1.358096e+06
1.217264e+01,1.440046e+06
1.264657e+01,1.530575e+06
