# Redshift (z), Merger Rate [Gpc^-3 yr^-1]
1.000000e-02,2.430726e+05
1.038934e-02,2.431474e+05
1.079385e-02,2.432252e+05
1.121410e-02,2.433060e+05
1.165071e-02,2.433900e+05
1.210432e-02,2.434772e+05
1.257560e-02,2.435680e+05
1.306522e-02,2.436622e+05
1.357390e-02,2.437601e+05
1.410239e-02,2.438619e+05
1.465146e-02,2.439676e+05
1.522190e-02,2.440773e+05
1.581456e-02,2.441917e+05
1.643029e-02,2.443102e+05
1.706999e-02,2.444335e+05
1.773460e-02,2.445615e+05
1.842508e-02,2.446946e+05
1.914245e-02,2.448329e+05
1.988775e-02,2.449767e+05
2.066206e-02,2.451262e+05
2.146653e-02,2.452815e+05
2.230231e-02,2.454428e+05
2.317064e-02,2.456105e+05
2.407277e-02,2.457848e+05
2.501003e-02,2.459658e+05
2.598378e-02,2.461541e+05
2.699544e-02,2.463496e+05
2.804649e-02,2.465530e+05
2.913846e-02,2.467642e+05
3.027294e-02,2.469839e+05
3.145160e-02,2.472122e+05
3.267614e-02,2.474494e+05
3.394837e-02,2.476960e+05
3.527012e-02,2.479522e+05
3.664334e-02,2.482188e+05
3.807003e-02,2.484956e+05
3.955226e-02,2.487835e+05
4.109220e-02,2.490827e+05
4.269209e-02,2.493937e+05
4.435428e-02,2.497171e+05
4.608118e-02,2.500532e+05
4.787532e-02,2.504025e+05
4.973931e-02,2.507658e+05
5.167588e-02,2.511439e+05
5.368785e-02,2.515408e+05
5.577815e-02,2.519573e+05
5.794983e-02,2.523949e+05
6.020607e-02,2.528534e+05
6.255015e-02,2.533342e+05
6.498549e-02,2.538379e+05
6.751566e-02,2.543650e+05
7.014434e-02,2.549171e+05
7.287536e-02,2.554944e+05
7.571271e-02,2.560979e+05
7.866053e-02,2.567292e+05
8.172313e-02,2.573887e+05
8.490496e-02,2.580778e+05
8.821068e-02,2.587974e+05
9.164510e-02,2.595487e+05
9.521324e-02,2.603334e+05
9.892030e-02,2.611522e+05
1.027717e-01,2.620065e+05
1.067730e-01,2.628979e+05
1.109302e-01,2.638278e+05
1.152492e-01,2.647977e+05
1.197363e-01,2.658091e+05
1.243982e-01,2.668637e+05
1.292415e-01,2.679636e+05
1.342735e-01,2.691102e+05
1.395013e-01,2.703054e+05
1.449327e-01,2.715515e+05
1.505755e-01,2.728502e+05
1.564381e-01,2.742041e+05
1.625289e-01,2.756152e+05
1.688569e-01,2.770860e+05
1.754312e-01,2.786190e+05
1.822615e-01,2.802168e+05
1.893577e-01,2.818822e+05
1.967302e-01,2.836180e+05
2.043898e-01,2.854270e+05
2.123475e-01,2.873129e+05
2.206151e-01,2.892786e+05
2.292046e-01,2.913276e+05
2.381286e-01,2.934636e+05
2.473999e-01,2.956905e+05
2.570323e-01,2.980121e+05
2.670397e-01,3.004328e+05
2.774367e-01,3.029569e+05
2.882385e-01,3.055887e+05
2.994608e-01,3.083333e+05
3.111201e-01,3.111957e+05
3.232334e-01,3.141813e+05
3.358183e-01,3.172954e+05
3.488931e-01,3.205442e+05
3.624770e-01,3.239334e+05
3.765898e-01,3.274695e+05
3.912521e-01,3.311595e+05
4.064852e-01,3.350100e+05
4.223115e-01,3.391018e+05
4.387539e-01,3.433840e+05
4.558364e-01,3.478562e+05
4.735841e-01,3.525274e+05
4.920228e-01,3.574071e+05
5.111794e-01,3.625049e+05
5.310818e-01,3.678312e+05
5.517591e-01,3.733967e+05
5.732414e-01,3.792128e+05
5.955602e-01,3.852911e+05
6.187479e-01,3.916440e+05
6.428385e-01,3.982847e+05
6.678669e-01,4.052261e+05
6.938699e-01,4.124827e+05
7.208852e-01,4.200688e+05
7.489524e-01,4.280002e+05
7.781124e-01,4.362923e+05
8.084076e-01,4.449618e+05
8.398824e-01,4.540773e+05
8.725827e-01,4.636274e+05
9.065561e-01,4.736148e+05
9.418522e-01,4.840590e+05
9.785226e-01,4.949796e+05
1.016621e+00,5.063982e+05
1.056202e+00,5.183361e+05
1.097325e+00,5.308150e+05
1.140048e+00,5.438582e+05
1.184435e+00,5.574875e+05
1.230550e+00,5.717339e+05
1.278461e+00,5.866532e+05
1.328237e+00,6.022353e+05
1.379951e+00,6.185065e+05
1.433678e+00,6.354897e+05
1.489498e+00,6.532124e+05
1.547490e+00,6.716988e+05
1.607741e+00,6.909730e+05
1.670337e+00,7.110708e+05
1.735370e+00,7.320115e+05
1.802936e+00,7.538185e+05
1.873132e+00,7.765172e+05
1.946061e+00,8.001283e+05
2.021830e+00,8.246834e+05
2.100548e+00,8.501732e+05
2.182332e+00,8.766388e+05
2.267299e+00,9.041177e+05
2.355575e+00,9.326264e+05
2.447288e+00,9.622006e+05
2.542571e+00,9.927674e+05
2.641564e+00,1.024436e+06
2.744412e+00,1.057257e+06
2.851264e+00,1.091248e+06
2.962276e+00,1.126300e+06
3.077610e+00,1.162597e+06
3.197434e+00,1.200191e+06
3.321924e+00,1.239065e+06
3.451261e+00,1.279216e+06
3.585634e+00,1.320887e+06
3.725238e+00,1.364064e+06
3.870278e+00,1.408714e+06
4.020964e+00,1.455251e+06
4.177518e+00,1.503505e+06
4.340166e+00,1.553732e+06
4.509148e+00,1.606317e+06
4.684708e+00,1.660907e+06
4.867104e+00,1.718371e+06
5.056602e+00,1.778297e+06
5.253477e+00,1.841441e+06
5.458017e+00,1.907673e+06
5.670522e+00,1.977623e+06
5.891300e+00,2.051022e+06
6.120673e+00,2.128937e+06
6.358977e+00,2.210423e+06
6.606560e+00,2.296922e+06
6.863782e+00,2.387914e+06
7.131018e+00,2.483540e+06
7.408660e+00,2.584595e+06
7.697111e+00,2.690414e+06
7.996792e+00,2.801346e+06
8.308142e+00,2.917876e+06
8.631614e+00,3.040140e+06
8.967680e+00,3.168988e+06
9.316830e+00,3.304417e+06
9.679575e+00,3.448795e+06
1.005644e+01,3.604344e+06
1.044798e+01,3.773678e+06
1.085477e+01,3.961529e+06
1.127739e+01,4.171489e+06
1.171647e+01,4.408190e+06
1.217264e+01,4.674189e+06
1.264657e+01,4.968034e+06
