# Redshift (z), Merger Rate [Gpc^-3 yr^-1]
1.000000e-02,1.668937e+05
1.038934e-02,1.669451e+05
1.079385e-02,1.669985e+05
1.121410e-02,1.670540e+05
1.165071e-02,1.671117e+05
1.210432e-02,1.671716e+05
1.257560e-02,1.672339e+05
1.306522e-02,1.672986e+05
1.357390e-02,1.673658e+05
1.410239e-02,1.674356e+05
1.465146e-02,1.675082e+05
1.522190e-02,1.675836e+05
1.581456e-02,1.676621e+05
1.643029e-02,1.677434e+05
1.706999e-02,1.678281e+05
1.773460e-02,1.679160e+05
1.842508e-02,1.680074e+05
1.914245e-02,1.681024e+05
1.988775e-02,1.682011e+05
2.066206e-02,1.683037e+05
2.146653e-02,1.684104e+05
2.230231e-02,1.685211e+05
2.317064e-02,1.686362e+05
2.407277e-02,1.687559e+05
2.501003e-02,1.688802e+05
2.598378e-02,1.690095e+05
2.699544e-02,1.691437e+05
2.804649e-02,1.692834e+05
2.913846e-02,1.694284e+05
3.027294e-02,1.695793e+05
3.145160e-02,1.697360e+05
3.267614e-02,1.698989e+05
3.394837e-02,1.700682e+05
3.527012e-02,1.702441e+05
3.664334e-02,1.704271e+05
3.807003e-02,1.706172e+05
3.955226e-02,1.708148e+05
4.109220e-02,1.710202e+05
4.269209e-02,1.712338e+05
4.435428e-02,1.714559e+05
4.608118e-02,1.716866e+05
4.787532e-02,1.719265e+05
4.973931e-02,1.721759e+05
5.167588e-02,1.724355e+05
5.368785e-02,1.727080e+05
5.577815e-02,1.729940e+05
5.794983e-02,1.732944e+05
6.020607e-02,1.736093e+05
6.255015e-02,1.739393e+05
6.498549e-02,1.742852e+05
6.751566e-02,1.746471e+05
7.014434e-02,1.750261e+05
7.287536e-02,1.754225e+05
7.571271e-02,1.758369e+05
7.866053e-02,1.762704e+05
8.172313e-02,1.767232e+05
8.490496e-02,1.771963e+05
8.821068e-02,1.776904e+05
9.164510e-02,1.782063e+05
9.521324e-02,1.787450e+05
9.892030e-02,1.793072e+05
1.027717e-01,1.798937e+05
1.067730e-01,1.805058e+05
1.109302e-01,1.811443e+05
1.152492e-01,1.818102e+05
1.197363e-01,1.825046e+05
1.243982e-01,1.832287e+05
1.292415e-01,1.839839e+05
1.342735e-01,1.847712e+05
1.395013e-01,1.855918e+05
1.449327e-01,1.864474e+05
1.505755e-01,1.873390e+05
1.564381e-01,1.882686e+05
1.625289e-01,1.892375e+05
1.688569e-01,1.902473e+05
1.754312e-01,1.912999e+05
1.822615e-01,1.923970e+05
1.893577e-01,1.935404e+05
1.967302e-01,1.947322e+05
2.043898e-01,1.959743e+05
2.123475e-01,1.972691e+05
2.206151e-01,1.986188e+05
2.292046e-01,2.000256e+05
2.381286e-01,2.014922e+05
2.473999e-01,2.030212e+05
2.570323e-01,2.046152e+05
2.670397e-01,2.062773e+05
2.774367e-01,2.080103e+05
2.882385e-01,2.098173e+05
2.994608e-01,2.117018e+05
3.111201e-01,2.136670e+05
3.232334e-01,2.157170e+05
3.358183e-01,2.178552e+05
3.488931e-01,2.200857e+05
3.624770e-01,2.224128e+05
3.765898e-01,2.248406e+05
3.912521e-01,2.273742e+05
4.064852e-01,2.300180e+05
4.223115e-01,2.328274e+05
4.387539e-01,2.357676e+05
4.558364e-01,2.388382e+05
4.735841e-01,2.420454e+05
4.920228e-01,2.453959e+05
5.111794e-01,2.488960e+05
5.310818e-01,2.525530e+05
5.517591e-01,2.563743e+05
5.732414e-01,2.603676e+05
5.955602e-01,2.645410e+05
6.187479e-01,2.689029e+05
6.428385e-01,2.734624e+05
6.678669e-01,2.782284e+05
6.938699e-01,2.832108e+05
7.208852e-01,2.884194e+05
7.489524e-01,2.938651e+05
7.781124e-01,2.995584e+05
8.084076e-01,3.055109e+05
8.398824e-01,3.117696e+05
8.725827e-01,3.183267e+05
9.065561e-01,3.251841e+05
9.418522e-01,3.323551e+05
9.785226e-01,3.398531e+05
1.016621e+00,3.476932e+05
1.056202e+00,3.558898e+05
1.097325e+00,3.644578e+05
1.140048e+00,3.734132e+05
1.184435e+00,3.827711e+05
1.230550e+00,3.925527e+05
1.278461e+00,4.027963e+05
1.328237e+00,4.134950e+05
1.379951e+00,4.246668e+05
1.433678e+00,4.363274e+05
1.489498e+00,4.484958e+05
1.547490e+00,4.611886e+05
1.607741e+00,4.744223e+05
1.670337e+00,4.882214e+05
1.735370e+00,5.025993e+05
1.802936e+00,5.175720e+05
1.873132e+00,5.331569e+05
1.946061e+00,5.493684e+05
2.021830e+00,5.662279e+05
2.100548e+00,5.837292e+05
2.182332e+00,6.019005e+05
2.267299e+00,6.207675e+05
2.355575e+00,6.403416e+05
2.447288e+00,6.606473e+05
2.542571e+00,6.816344e+05
2.641564e+00,7.033779e+05
2.744412e+00,7.259127e+05
2.851264e+00,7.492510e+05
2.962276e+00,7.733176e+05
3.077610e+00,7.982396e+05
3.197434e+00,8.240517e+05
3.321924e+00,8.507422e+05
3.451261e+00,8.783104e+05
3.585634e+00,9.069214e+05
3.725238e+00,9.365668e+05
3.870278e+00,9.672233e+05
4.020964e+00,9.991757e+05
4.177518e+00,1.032307e+06
4.340166e+00,1.066793e+06
4.509148e+00,1.102898e+06
4.684708e+00,1.140379e+06
4.867104e+00,1.179834e+06
5.056602e+00,1.220979e+06
5.253477e+00,1.264334e+06
5.458017e+00,1.309809e+06
5.670522e+00,1.357837e+06
5.891300e+00,1.408232e+06
6.120673e+00,1.461729e+06
6.358977e+00,1.517677e+06
6.606560e+00,1.577068e+06
6.863782e+00,1.639542e+06
7.131018e+00,1.705200e+06
7.408660e+00,1.774584e+06
7.697111e+00,1.847239e+06
7.996792e+00,1.923405e+06
8.308142e+00,2.003415e+06
8.631614e+00,2.087361e+06
8.967680e+00,2.175828e+06
9.316830e+00,2.268814e+06
9.679575e+00,2.367944e+06
1.005644e+01,2.474744e+06
1.044798e+01,2.591008e+06
1.085477e+01,2.719987e+06
1.127739e+01,2.864146e+06
1.171647e+01,3.026665e+06
1.217264e+01,3.209300e+06
1.264657e+01,3.411054e+06
